100,'5483',926,,1361,14,,,0,82,,1353,14,,,0,103,,1352,14,,,0,45,,1354,14,,,0,100,,1355,14,,,0,101,,1356,14,,,0,90,,1357,14,,,0,100,,1358,14,,,0,99,,1359,14,,,0,99,,1363,14,,,0,95,,1362,14,,,0,102,,1360,14,,,0
100,'5484',631,,1366,14,,,0,70,,1372,14,,,0,20,,1378,14,,,0,20,,1383,14,,,0,18,,1364,14,,,0,58,,1365,14,,,0,19,,1373,14,,,0,21,,1379,14,,,0,61,,1384,14,,,0,20,,1368,14,,,0,20,,1371,14,,,0,65,,1375,14,,,0,25,,1369,14,,,0,72,,1380,14,,,0,35,,1376,14,,,0,80,,1382,14,,,0,80,,1367,14,,,0,40,,1374,14,,,0,70,,1394,14,,,0,29,,1370,14,,,0,70,,1386,14,,,0,30,,1381,14,,,0,60,,1393,14,,,0,20,,1377,14,,,0,19,,1392,14,,,0,59,,1388,14,,,0,22,,1391,14,,,0,66,,1395,14,,,0,25,,1385,14,,,0,76,,1390,14,,,0,34,,1389,14,,,0,75,,1387,14,,,0
100,'5485',2115,,1396,14,,,0,105,,1397,14,,,0
100,'5488',2115,,1399,14,,,0,105,,1400,14,,,0,135,,1401,14,,,0
100,'5489',735,,1422,3,,,0,108,,1420,14,,,0,80,,1403,14,,,0,83,,1425,14,,,0,40,,1405,14,,,0,80,,1404,14,,,0,81,,1409,14,,,0,38,,1412,14,,,0,70,,1424,14,,,0,30,,1427,14,,,0,70,,1408,14,,,0,30,,1411,14,,,0,70,,1407,14,,,0,29,,1426,14,,,0,67,,1406,14,,,0,33,,1413,14,,,0,74,,1410,14,,,0,34,,1415,14,,,0,73,,1416,14,,,0,76,,1414,14,,,0,34,,1421,14,,,0,75,,1417,14,,,0,105,,1418,14,,,0,105,,1419,14,,,0,135,,1423,14,,,0
500,'5483',1123,,1640,16,,,0,131,,1641,16,,,0,171,,1642,16,,,0,184,,1643,16,,,0
500,'5484',814,,1647,12,,,0,30,,1646,16,,,0,93,,1652,16,,,0,169,,1648,16,,,0,107,,1649,16,,,0,106,,1650,16,,,0,101,,1651,16,,,0,95,,1644,16,,,0,114,,1645,16,,,0
500,'5489',847,,1655,3,,,0,155,,1654,16,,,0,108,,1658,16,,,0,114,,1659,16,,,0,106,,1660,16,,,0,111,,1656,16,,,0,104,,1657,16,,,0,105,,1653,16,,,0
601,'5483',1002,,1686,3,,,0,205,,1687,3,,,0,135,,1688,3,,,0,170,,1689,3,,,0,135,,1690,3,,,0
601,'5484',622,,1701,3,,,0,95,,1696,3,,,0,100,,1702,3,,,0,102,,1691,3,,,0,103,,1703,3,,,0,105,,1694,3,,,0,110,,1704,3,,,0,95,,1699,3,,,0,100,,1695,3,,,0,105,,1700,3,,,0,95,,1693,3,,,0,115,,1692,3,,,0,95,,1697,3,,,0,185,,1698,3,,,0
601,'5485',1937,,1705,3,,,0
601,'5488',1937,,1706,3,,,0
601,'5489',817,,1707,3,,,0,100,,1708,3,,,0,105,,1709,3,,,0,105,,1711,3,,,0,110,,1712,3,,,0,105,,1713,3,,,0,105,,1714,3,,,0,100,,1716,3,,,0,95,,1710,3,,,0,100,,1717,3,,,0,100,,1718,3,,,0,95,,1715,3,,,0,90,,1719,3,,,0
1100,'5484',656,,1832,3,,,0,270,,1833,3,,,0,117,,1829,3,,,0,276,,1830,3,,,0,120,,1834,3,,,0,402,,1831,3,,,0,371,,1835,3,,,0
1100,'5489',926,,1840,3,,,0,117,,1836,3,,,0,397,,1837,3,,,0,401,,1838,3,,,0,371,,1839,3,,,0
1200,'5484',607,,1858,3,,,0,125,,1857,3,,,0,406,,1856,3,,,0,193,,1853,3,,,0,306,,1855,3,,,0,100,,1854,3,,,0
1200,'5489',1138,,1859,3,,,0,599,,1860,3,,,0
1301,'5486',939,,1869,3,,,0,214,,1870,3,,,0,486,,1871,3,,,0
9900,'5484',800,,1904,3,0,5 6,0
