100,'5483',927,,1361,15,,,0,82,,1353,15,,,0,103,,1352,15,,,0,45,,1354,15,,,0,100,,1355,15,,,0,101,,1356,15,,,0,90,,1357,15,,,0,100,,1358,15,,,0,99,,1359,15,,,0,99,,1363,15,,,0,95,,1362,15,,,0,102,,1360,15,,,0
100,'5484',631,,1366,15,,,0,70,,1372,15,,,0,20,,1378,15,,,0,20,,1383,15,,,0,59,,1364,15,,,0,18,,1365,15,,,0,19,,1373,15,,,0,21,,1379,15,,,0,61,,1384,15,,,0,20,,1368,15,,,0,20,,1371,15,,,0,65,,1375,15,,,0,25,,1369,15,,,0,72,,1380,15,,,0,35,,1376,15,,,0,80,,1382,15,,,0,80,,1367,15,,,0,40,,1374,15,,,0,70,,1394,15,,,0,29,,1370,15,,,0,70,,1386,15,,,0,30,,1381,15,,,0,60,,1393,15,,,0,20,,1377,15,,,0,19,,1392,15,,,0,59,,1388,15,,,0,22,,1391,15,,,0,65,,1395,15,,,0,25,,1385,15,,,0,76,,1390,15,,,0,34,,1389,15,,,0,75,,1387,15,,,0
100,'5485',2115,,1396,15,,,0,105,,1397,15,,,0
100,'5488',2115,,1399,15,,,0,105,,1400,15,,,0,135,,1401,15,,,0
100,'5489',736,,1422,4,,,0,108,,1420,15,,,0,80,,1403,15,,,0,83,,1425,15,,,0,40,,1405,15,,,0,80,,1404,15,,,0,81,,1409,15,,,0,38,,1412,15,,,0,70,,1424,15,,,0,30,,1427,15,,,0,70,,1408,15,,,0,30,,1411,15,,,0,70,,1407,15,,,0,29,,1426,15,,,0,67,,1406,15,,,0,33,,1413,15,,,0,74,,1410,15,,,0,34,,1415,15,,,0,72,,1416,15,,,0,76,,1414,15,,,0,34,,1421,15,,,0,75,,1417,15,,,0,105,,1418,15,,,0,105,,1419,15,,,0,135,,1423,15,,,0
601,'5483',1002,,1686,4,,,0,205,,1687,4,,,0,135,,1688,4,,,0,170,,1689,4,,,0,135,,1690,4,,,0
601,'5484',622,,1701,4,,,0,95,,1696,4,,,0,100,,1702,4,,,0,102,,1691,4,,,0,103,,1703,4,,,0,105,,1694,4,,,0,110,,1704,4,,,0,95,,1699,4,,,0,100,,1695,4,,,0,105,,1700,4,,,0,95,,1693,4,,,0,115,,1692,4,,,0,95,,1697,4,,,0,185,,1698,4,,,0
601,'5485',1937,,1705,4,,,0
601,'5488',1937,,1706,4,,,0
601,'5489',817,,1707,4,,,0,100,,1708,4,,,0,105,,1709,4,,,0,105,,1711,4,,,0,110,,1712,4,,,0,105,,1713,4,,,0,105,,1714,4,,,0,100,,1716,4,,,0,95,,1710,4,,,0,100,,1717,4,,,0,100,,1718,4,,,0,95,,1715,4,,,0,90,,1719,4,,,0
1100,'5484',657,,1832,4,,,0,269,,1833,4,,,0,117,,1829,4,,,0,277,,1830,4,,,0,120,,1834,4,,,0,402,,1831,4,,,0,371,,1835,4,,,0
1100,'5489',926,,1840,4,,,0,117,,1836,4,,,0,397,,1837,4,,,0,402,,1838,4,,,0,371,,1839,4,,,0
1301,'5486',939,,1869,4,,,0,214,,1870,4,,,0,486,,1871,4,,,0
9900,'5484',801,,1904,4,0,5 6,0
