101,'5484',803,,1439,18,4,,0
501,'5483',907,,1665,6,,,0,238,,1662,6,,,0,179,,1663,6,,,0,130,,1661,6,,,0,191,,1664,6,,,0
501,'5484',705,,1676,1,,,0,112,,1668,1,,,0,93,,1670,6,,,0,117,,1671,6,,,0,105,,1672,6,,,0,107,,1673,6,,,0,106,,1674,6,,,0,92,,1675,6,,,0,94,,1669,6,4,,0,3,,1666,6,,,0,113,,1667,6,,,0
501,'5489',855,,1678,6,4,,0,169,,1679,6,,,0,108,,1680,6,,,0,117,,1681,6,,,0,105,,1683,6,,,0,148,,1682,6,,,0,106,,1677,6,,,0,100,,1684,6,4,,0,129,,1685,6,4,,0
601,'5483',1000,,1686,1,,,0,32,,1686,35,4,,0,173,,1687,1,,,0,32,,1687,35,4,,0,103,,1688,1,,,0,72,,1688,35,4,,0,98,,1689,1,,,0,32,,1689,35,4,,0,103,,1690,1,,,0,72,,1690,35,4,,0
601,'5484',620,,1701,1,,,0,32,,1701,35,4,,0,63,,1696,1,,,0,32,,1696,35,4,,0,68,,1702,1,,,0,32,,1702,35,4,,0,70,,1691,1,,,0,32,,1691,35,4,,0,71,,1703,1,,,0,32,,1703,35,4,,0,73,,1694,1,,,0,32,,1694,35,4,,0,78,,1704,1,,,0,72,,1704,35,4,,0,23,,1699,1,,,0,72,,1699,35,4,,0,28,,1695,1,,,0,72,,1695,35,4,,0,33,,1700,1,,,0,72,,1700,35,4,,0,23,,1693,1,,,0,72,,1693,35,4,,0,43,,1692,1,,,0,72,,1692,35,4,,0,23,,1697,1,,,0,72,,1697,35,4,,0,113,,1698,1,,,0,32,,1698,35,4,,0
601,'5485',1935,,1705,1,,,0,72,,1705,35,4,,0
601,'5488',1935,,1706,1,,,0,72,,1706,35,4,,0
601,'5489',815,,1707,1,,,0,32,,1707,35,4,,0,68,,1708,1,,,0,32,,1708,35,4,,0,73,,1709,1,,,0,32,,1709,35,4,,0,73,,1711,1,,,0,32,,1711,35,4,,0,78,,1712,1,,,0,72,,1712,35,4,,0,33,,1713,1,,,0,72,,1713,35,4,,0,33,,1714,1,,,0,72,,1714,35,4,,0,28,,1716,1,,,0,72,,1716,35,4,,0,23,,1710,1,,,0,72,,1710,35,4,,0,28,,1717,1,,,0,72,,1717,35,4,,0,28,,1718,1,,,0,72,,1718,35,4,,0,23,,1715,1,,,0,72,,1715,35,4,,0,18,,1719,1,,,0,32,,1719,35,4,,0
701,'5484',650,,1721,1,0,12,0,52,,1721,17,4,,0,43,,1726,1,,,0,158,,1728,1,0,12,0,12,,1728,17,4,,0,100,,1729,1,0,12,0,12,,1729,17,4,,0,83,,1723,1,0,12,0,12,,1723,17,4,,0,98,,1730,1,0,12,0,12,,1730,17,4,,0,184,,1724,1,0,12,0,12,,1724,17,4,,0,106,,1727,1,,,0,79,,1722,1,,,0,104,,1731,1,0,12,0,12,,1731,17,4,,0,96,,1720,1,0,12,0,12,,1720,17,4,,0,198,,1725,1,0,12,0,12,,1725,17,4,,0
701,'5489',847,,1732,1,,,0,253,,1736,1,0,12,0,12,,1736,17,4,,0,195,,1733,1,0,12,0,12,,1733,17,4,,0,221,,1737,1,,,0,180,,1735,1,0,12,0,12,,1735,17,4,,0,303,,1734,1,0,12,0,12,,1734,17,4,,0
800,'5483',955,,1738,21,4,,0,202,,1739,21,4,,0,176,,1740,21,4,,0,170,,1741,21,4,,0,135,,1743,21,4,,0,193,,1742,21,4,,0
800,'5484',638,,1746,21,4,,0,116,,1751,21,4,,0,149,,1749,21,4,,0,103,,1748,21,4,,0,94,,1744,21,4,,0,105,,1747,21,4,,0,108,,1745,21,4,,0,106,,1750,21,4,,0,107,,1752,21,4,,0,87,,1753,21,4,,0,104,,1754,21,4,,0,106,,1757,21,4,,0,200,,1755,21,4,,0,180,,1756,21,4,,0
800,'5485',1913,,1758,21,4,,0
800,'5488',1913,,1759,21,4,,0
800,'5489',937,,1768,21,4,,0,120,,1762,21,4,,0,149,,1769,21,4,,0,117,,1766,21,4,,0,105,,1770,21,4,,0,108,,1767,21,4,,0,105,,1760,21,4,,0,108,,1761,21,4,,0,155,,1763,21,4,,0,121,,1764,21,4,,0,178,,1765,21,4,,0
801,'5483',1039,,1775,1,,,0,203,,1772,1,,,0,174,,1773,1,,,0,135,,1774,1,,,0,170,,1777,1,,,0,119,,1776,1,,,0
801,'5484',641,,1780,1,,,0,110,,1778,1,,,0,104,,1779,1,,,0,100,,1782,1,,,0,145,,1783,1,,,0,105,,1784,1,,,0,103,,1785,1,,,0,100,,1781,1,,,0,100,,1786,1,,,0,100,,1790,1,,,0,105,,1788,1,,,0,207,,1787,1,,,0,181,,1789,1,,,0
801,'5485',1810,,1791,1,,,0
801,'5488',1810,,1792,1,,,0
801,'5489',855,,1795,1,,,0,100,,1796,1,,,0,152,,1802,1,,,0,108,,1794,1,,,0,111,,1803,1,,,0,100,,1793,1,,,0,105,,1797,1,,,0,106,,1798,1,,,0,163,,1799,1,,,0,114,,1800,1,,,0,187,,1801,1,,,0
1000,'5484',811,,1812,10,4,,0,10,,1808,18,4,,0,35,,1807,18,4,,0,193,,1810,19,4,,0,386,,1809,18,4,,0,416,,1811,19,4,,0,355,,1806,18,4,,0
1000,'5489',1034,,1813,19,4,,0,401,,1814,18,4,,0,404,,1816,19,4,,0,367,,1815,18,4,,0
1001,'5484',700,,1821,1,,,0,39,,1819,1,,,0,166,,1820,1,0,10 11 2,0,409,,1824,1,,,0,393,,1822,1,0,10 11 2,0,343,,1823,1,,,0
1001,'5489',852,,1825,1,0,10 11 2,0,462,,1826,1,,,0,345,,1827,1,0,10 11 2,0,391,,1828,1,,,0
1100,'5484',655,,1832,1,,,0,269,,1833,1,,,0,117,,1829,1,,,0,276,,1830,1,,,0,120,,1834,1,,,0,403,,1831,1,,,0,371,,1835,1,,,0
1100,'5489',924,,1840,1,,,0,117,,1836,1,,,0,397,,1837,1,,,0,402,,1838,1,,,0,371,,1839,1,,,0
1101,'5484',738,,1844,10,4,,0,274,,1843,10,4,,0,118,,1845,10,4,,0,279,,1841,10,4,,0,120,,1846,10,4,,0,397,,1842,10,4,,0,330,,1847,10,4,,0
1101,'5489',1013,,1852,10,4,,0,117,,1848,10,4,,0,398,,1849,10,4,,0,398,,1850,10,4,,0,330,,1851,10,4,,0
1200,'5484',606,,1858,1,,,0,125,,1857,1,,,0,406,,1856,1,,,0,193,,1853,1,,,0,306,,1855,1,,,0,100,,1854,1,,,0
1200,'5489',1137,,1859,1,,,0,599,,1860,1,,,0
1201,'5484',730,,1865,21,4,,0,125,,1862,21,4,,0,447,,1863,21,4,,0,198,,1861,21,4,,0,300,,1864,21,4,,0,102,,1866,21,4,,0
1201,'5489',1259,,1867,15,4,,0,600,,1868,15,4,,0
1301,'5486',937,,1869,1,,,0,92,,1869,18,4,,0,122,,1870,1,,,0,92,,1870,18,4,,0,394,,1871,1,,,0,92,,1871,18,4,,0
1400,'5486',924,,1872,19,4,,0,214,,1873,19,4,,0,487,,1874,19,4,,0
1401,'5486',830,,1875,1,,,0,214,,1876,1,,,0,486,,1877,1,,,0
9900,'5484',759,,1904,1,0,5 6,0,143,,1904,47,4,,0
9901,'5484',1613,,1905,36,4,,0
