100,'5483',915,,1361,1,,,0,42,,1353,1,,,0,143,,1352,1,,,0,45,,1354,1,,,0,100,,1355,1,,,0,100,,1356,1,,,0,90,,1357,1,,,0,100,,1358,1,,,0,100,,1359,1,,,0,100,,1363,1,,,0,95,,1362,1,,,0,102,,1360,1,,,0
100,'5484',621,,1366,1,,,0,30,,1372,1,,,0,60,,1378,1,,,0,20,,1383,1,,,0,18,,1364,1,,,0,56,,1365,1,,,0,18,,1373,1,,,0,21,,1379,1,,,0,61,,1384,1,,,0,20,,1368,1,,,0,20,,1371,1,,,0,65,,1375,1,,,0,25,,1369,1,,,0,72,,1380,1,,,0,35,,1376,1,,,0,79,,1382,1,,,0,80,,1367,1,,,0,40,,1374,1,,,0,70,,1394,1,,,0,30,,1370,1,,,0,70,,1386,1,,,0,30,,1381,1,,,0,60,,1393,1,,,0,20,,1377,1,,,0,19,,1392,1,,,0,60,,1388,1,,,0,22,,1391,1,,,0,28,,1395,1,,,0,65,,1385,1,,,0,36,,1390,1,,,0,74,,1389,1,,,0,75,,1387,1,,,0
100,'5485',2105,,1396,1,,,0,105,,1397,1,,,0
100,'5488',2105,,1399,1,,,0,105,,1400,1,,,0,135,,1401,1,,,0
100,'5489',832,,1420,1,,,0,80,,1403,1,,,0,43,,1425,1,,,0,80,,1405,1,,,0,80,,1404,1,,,0,40,,1409,1,,,0,78,,1412,1,,,0,70,,1424,1,,,0,30,,1427,1,,,0,70,,1408,1,,,0,30,,1411,1,,,0,70,,1407,1,,,0,30,,1426,1,,,0,67,,1406,1,,,0,33,,1413,1,,,0,74,,1410,1,,,0,35,,1415,1,,,0,73,,1416,1,,,0,36,,1414,1,,,0,74,,1421,1,,,0,75,,1417,1,,,0,105,,1418,1,,,0,105,,1419,1,,,0,135,,1423,1,,,0
101,'5483',930,,1429,31,4,,0,100,,1428,31,4,,0,106,,1430,31,4,,0,100,,1431,31,4,,0,101,,1432,31,4,,0,89,,1433,31,4,,0,100,,1434,31,4,,0,99,,1435,31,4,,0,91,,1437,31,4,,0,92,,1438,31,4,,0,98,,1436,31,4,,0
101,'5484',616,,1443,31,4,,0,29,,1447,31,4,,0,60,,1453,31,4,,0,19,,1459,31,4,,0,18,,1442,31,4,,0,17,,1469,31,4,,0,58,,1446,31,4,,0,20,,1456,31,4,,0,21,,1460,31,4,,0,59,,1444,31,4,,0,20,,1448,31,4,,0,65,,1450,31,4,,0,26,,1441,31,4,,0,30,,1455,31,4,,0,75,,1454,31,4,,0,80,,1458,31,4,,0,41,,1440,31,4,,0,80,,1451,31,4,,0,70,,1470,31,4,,0,30,,1445,31,4,,0,70,,1463,31,4,,0,30,,1457,31,4,,0,11,,1465,31,4,,0,10,,1468,31,4,,0,59,,1449,31,4,,0,19,,1467,31,4,,0,82,,1466,31,4,,0,26,,1471,31,4,,0,68,,1452,31,4,,0,35,,1461,31,4,,0,75,,1464,31,4,,0,35,,1462,31,4,,0
101,'5485',1653,,1472,31,4,,0,447,,1473,31,4,,0,106,,1474,31,4,,0
101,'5488',1653,,1475,31,4,,0,447,,1476,31,4,,0,106,,1477,31,4,,0,105,,1478,31,4,,0
101,'5489',742,,1497,31,4,,0,86,,1479,31,4,,0,85,,1500,31,4,,0,37,,1480,31,4,,0,84,,1495,31,4,,0,76,,1481,31,4,,0,40,,1482,31,4,,0,77,,1483,31,4,,0,30,,1499,31,4,,0,70,,1502,31,4,,0,28,,1484,31,4,,0,70,,1487,31,4,,0,30,,1486,31,4,,0,70,,1501,31,4,,0,30,,1490,31,4,,0,70,,1488,31,4,,0,76,,1485,31,4,,0,35,,1489,31,4,,0,73,,1493,31,4,,0,35,,1503,31,4,,0,75,,1491,31,4,,0,35,,1496,31,4,,0,146,,1494,31,4,,0,106,,1492,31,4,,0,105,,1498,31,4,,0
200,'5483',953,,1504,11,4,,0,153,,1509,11,4,,0,129,,1505,11,4,,0,172,,1510,11,4,,0,137,,1507,11,4,,0,184,,1508,11,4,,0,198,,1506,11,4,,0
200,'5484',642,,1524,11,4,,0,85,,1522,11,4,,0,119,,1523,11,4,,0,100,,1525,11,4,,0,105,,1519,11,4,,0,105,,1520,11,4,,0,145,,1521,11,4,,0,56,,1517,11,4,,0,148,,1512,11,4,,0,96,,1518,11,4,,0,45,,1516,11,4,,0,85,,1526,11,4,,0,75,,1514,11,4,,0,200,,1513,11,4,,0,140,,1515,11,4,,0
200,'5485',1856,,1527,11,4,,0
200,'5488',1856,,1528,11,4,,0,483,,1529,11,4,,0
200,'5489',827,,1531,11,4,,0,120,,1530,11,4,,0,108,,1532,11,4,,0,152,,1533,11,4,,0,105,,1541,11,4,,0,105,,1535,11,4,,0,105,,1534,11,4,,0,105,,1536,11,4,,0,99,,1537,11,4,,0,120,,1538,11,4,,0,161,,1539,11,4,,0,139,,1540,11,4,,0,193,,1542,11,4,,0
201,'5483',925,,1544,1,,,0,113,,1546,1,,,0,301,,1547,1,,,0,361,,1545,1,,,0,158,,1543,1,,,0
201,'5484',615,,1553,1,,,0,44,,1554,1,,,0,70,,1549,1,,,0,89,,1556,1,,,0,100,,1551,1,,,0,411,,1550,1,,,0,204,,1552,1,,,0,170,,1557,1,,,0,235,,1548,1,,,0,181,,1555,1,,,0
201,'5485',1828,,1558,1,,,0
201,'5488',1828,,1560,1,,,0,484,,1559,1,,,0
201,'5489',919,,1562,1,,,0,325,,1566,1,,,0,105,,1561,1,,,0,309,,1563,1,,,0,160,,1564,1,,,0,301,,1565,1,,,0,193,,1567,1,,,0
500,'5483',1110,,1640,1,,,0,130,,1641,1,,,0,171,,1642,1,,,0,144,,1643,1,,,0
500,'5484',833,,1646,1,,,0,93,,1652,1,,,0,128,,1648,1,,,0,105,,1649,1,,,0,145,,1650,1,,,0,101,,1651,1,,,0,95,,1644,1,,,0,114,,1645,1,,,0
500,'5489',949,,1654,1,,,0,108,,1658,1,,,0,152,,1659,1,,,0,106,,1660,1,,,0,111,,1656,1,,,0,105,,1657,1,,,0,105,,1653,1,,,0
501,'5483',919,,1665,17,4,,0,238,,1662,17,4,,0,179,,1663,17,4,,0,170,,1661,17,4,,0,151,,1664,17,4,,0
501,'5484',717,,1676,12,4,,0,113,,1668,12,4,,0,93,,1670,17,4,,0,117,,1671,17,4,,0,105,,1672,17,4,,0,107,,1673,17,4,,0,106,,1674,17,4,,0,92,,1675,17,4,,0,97,,1666,17,4,,0,153,,1667,17,4,,0
501,'5489',1036,,1679,17,4,,0,108,,1680,17,4,,0,157,,1681,17,4,,0,105,,1683,17,4,,0,108,,1682,17,4,,0,106,,1677,17,4,,0
800,'5483',938,,1738,1,,,0,201,,1739,1,,,0,176,,1740,1,,,0,130,,1741,1,,,0,175,,1743,1,,,0,194,,1742,1,,,0
800,'5484',621,,1746,1,,,0,116,,1751,1,,,0,109,,1749,1,,,0,103,,1748,1,,,0,94,,1744,1,,,0,105,,1747,1,,,0,107,,1745,1,,,0,146,,1750,1,,,0,107,,1752,1,,,0,47,,1753,1,,,0,145,,1754,1,,,0,106,,1757,1,,,0,200,,1755,1,,,0,140,,1756,1,,,0
800,'5485',1856,,1758,1,,,0
800,'5488',1856,,1759,1,,,0
800,'5489',827,,1771,1,0,7,0,92,,1768,1,,,0,120,,1762,1,,,0,108,,1769,1,,,0,157,,1766,1,,,0,105,,1770,1,,,0,108,,1767,1,,,0,106,,1760,1,,,0,108,,1761,1,,,0,115,,1763,1,,,0,161,,1764,1,,,0,139,,1765,1,,,0
801,'5483',1057,,1775,24,4,,0,243,,1772,24,4,,0,134,,1773,24,4,,0,175,,1774,24,4,,0,130,,1777,24,4,,0,119,,1776,24,4,,0
801,'5484',659,,1780,24,4,,0,150,,1778,24,4,,0,104,,1779,24,4,,0,100,,1782,24,4,,0,105,,1783,24,4,,0,105,,1784,24,4,,0,103,,1785,24,4,,0,100,,1781,24,4,,0,100,,1786,24,4,,0,100,,1790,24,4,,0,105,,1788,24,4,,0,207,,1787,24,4,,0,181,,1789,24,4,,0
801,'5485',1828,,1791,24,4,,0
801,'5488',1828,,1792,24,4,,0
801,'5489',913,,1795,24,4,,0,100,,1796,24,4,,0,112,,1802,24,4,,0,108,,1794,24,4,,0,111,,1803,24,4,,0,100,,1793,24,4,,0,105,,1797,24,4,,0,106,,1798,24,4,,0,163,,1799,24,4,,0,114,,1800,24,4,,0,187,,1801,24,4,,0
1000,'5483',1136,,1804,12,4,,0,688,,1805,12,4,,0
1001,'5483',1035,,1817,1,,,0,687,,1818,1,,,0
1400,'5486',912,,1872,8,,,0,214,,1873,8,,,0,486,,1874,8,,,0
2001,'5483',1200,,1891,1,,,0,309,,1890,1,,,0
2001,'5484',1016,,1897,1,,,0,105,,1895,1,,,0,105,,1893,1,,,0,204,,1894,1,,,0,181,,1892,3,,,0,120,,1896,1,,,0
2001,'5489',753,,1898,1,,,0,267,,1901,1,,,0,112,,1900,1,,,0,315,,1902,1,,,0,105,,1903,1,,,0,380,,1899,1,,,0
