100,'5483',917,,1361,3,,,0,42,,1353,3,,,0,143,,1352,3,,,0,45,,1354,3,,,0,100,,1355,3,,,0,100,,1356,3,,,0,90,,1357,3,,,0,100,,1358,3,,,0,100,,1359,3,,,0,100,,1363,3,,,0,95,,1362,3,,,0,102,,1360,3,,,0
100,'5484',623,,1366,3,,,0,30,,1372,3,,,0,60,,1378,3,,,0,20,,1383,3,,,0,18,,1364,3,,,0,56,,1365,3,,,0,18,,1373,3,,,0,21,,1379,3,,,0,61,,1384,3,,,0,20,,1368,3,,,0,20,,1371,3,,,0,65,,1375,3,,,0,25,,1369,3,,,0,72,,1380,3,,,0,35,,1376,3,,,0,79,,1382,3,,,0,80,,1367,3,,,0,40,,1374,3,,,0,70,,1394,3,,,0,30,,1370,3,,,0,70,,1386,3,,,0,30,,1381,3,,,0,60,,1393,3,,,0,20,,1377,3,,,0,19,,1392,3,,,0,60,,1388,3,,,0,22,,1391,3,,,0,28,,1395,3,,,0,65,,1385,3,,,0,36,,1390,3,,,0,74,,1389,3,,,0,75,,1387,3,,,0
100,'5485',2107,,1396,3,,,0,105,,1397,3,,,0
100,'5488',2107,,1399,3,,,0,105,,1400,3,,,0,135,,1401,3,,,0
100,'5489',834,,1420,3,,,0,80,,1403,3,,,0,43,,1425,3,,,0,80,,1405,3,,,0,80,,1404,3,,,0,40,,1409,3,,,0,78,,1412,3,,,0,70,,1424,3,,,0,30,,1427,3,,,0,70,,1408,3,,,0,30,,1411,3,,,0,70,,1407,3,,,0,30,,1426,3,,,0,67,,1406,3,,,0,33,,1413,3,,,0,74,,1410,3,,,0,35,,1415,3,,,0,73,,1416,3,,,0,36,,1414,3,,,0,74,,1421,3,,,0,75,,1417,3,,,0,105,,1418,3,,,0,105,,1419,3,,,0,135,,1423,3,,,0
200,'5484',758,,1511,10,0,8 9,0
500,'5483',1112,,1640,3,,,0,130,,1641,3,,,0,171,,1642,3,,,0,144,,1643,3,,,0
500,'5484',835,,1646,3,,,0,93,,1652,3,,,0,128,,1648,3,,,0,145,,1649,3,,,0,105,,1650,3,,,0,101,,1651,3,,,0,95,,1644,3,,,0,114,,1645,3,,,0
500,'5489',951,,1654,3,,,0,108,,1658,3,,,0,152,,1659,3,,,0,106,,1660,3,,,0,111,,1656,3,,,0,105,,1657,3,,,0,105,,1653,3,,,0
800,'5483',940,,1738,3,,,0,201,,1739,3,,,0,176,,1740,3,,,0,130,,1741,3,,,0,175,,1743,3,,,0,194,,1742,3,,,0
800,'5484',623,,1746,3,,,0,116,,1751,3,,,0,109,,1749,3,,,0,103,,1748,3,,,0,94,,1744,3,,,0,105,,1747,3,,,0,107,,1745,3,,,0,146,,1750,3,,,0,107,,1752,3,,,0,47,,1753,3,,,0,145,,1754,3,,,0,106,,1757,3,,,0,200,,1755,3,,,0,140,,1756,3,,,0
800,'5485',1858,,1758,3,,,0
800,'5488',1858,,1759,3,,,0
800,'5489',829,,1771,3,0,7,0,92,,1768,3,,,0,120,,1762,3,,,0,108,,1769,3,,,0,157,,1766,3,,,0,105,,1770,3,,,0,108,,1767,3,,,0,106,,1760,3,,,0,108,,1761,3,,,0,115,,1763,3,,,0,161,,1764,3,,,0,139,,1765,3,,,0
1400,'5486',914,,1872,10,,,0,214,,1873,10,,,0,486,,1874,10,,,0
