101,'5483',911,,1429,15,,,0,100,,1428,15,,,0,106,,1430,15,,,0,100,,1431,15,,,0,100,,1432,15,,,0,90,,1433,15,,,0,100,,1434,15,,,0,100,,1435,15,,,0,51,,1437,15,,,0,92,,1438,15,,,0,99,,1436,15,,,0
101,'5484',559,,1443,15,,,0,69,,1447,15,,,0,20,,1453,15,,,0,59,,1459,15,,,0,18,,1442,15,,,0,16,,1469,15,,,0,13,,1439,12,0,13,0,5,,1446,15,,,0,60,,1456,15,,,0,20,,1460,15,,,0,19,,1444,15,,,0,60,,1448,15,,,0,25,,1450,15,,,0,65,,1441,15,,,0,30,,1455,15,,,0,75,,1454,15,,,0,40,,1458,15,,,0,80,,1440,15,,,0,80,,1451,15,,,0,30,,1470,15,,,0,70,,1445,15,,,0,30,,1463,15,,,0,70,,1457,15,,,0,11,,1465,15,,,0,10,,1468,15,,,0,19,,1449,15,,,0,59,,1467,15,,,0,43,,1466,15,,,0,66,,1471,15,,,0,30,,1452,15,,,0,75,,1461,15,,,0,75,,1464,15,,,0,35,,1462,15,,,0
101,'5485',1632,,1472,15,,,0,411,,1473,15,,,0,106,,1474,15,,,0
101,'5488',1632,,1475,15,,,0,411,,1476,15,,,0,106,,1477,15,,,0,105,,1478,15,,,0
101,'5489',724,,1497,15,,,0,86,,1479,15,,,0,45,,1500,15,,,0,76,,1480,15,,,0,83,,1495,15,,,0,35,,1481,15,,,0,80,,1482,15,,,0,77,,1483,15,,,0,30,,1499,15,,,0,70,,1502,15,,,0,29,,1484,15,,,0,70,,1487,15,,,0,30,,1486,15,,,0,70,,1501,15,,,0,30,,1490,15,,,0,70,,1488,15,,,0,36,,1485,15,,,0,75,,1489,15,,,0,35,,1493,15,,,0,75,,1503,15,,,0,75,,1491,15,,,0,35,,1496,15,,,0,107,,1494,15,,,0,106,,1492,15,,,0,105,,1498,15,,,0
601,'5483',1016,,1686,19,,,0,205,,1687,19,,,0,135,,1688,19,,,0,170,,1689,19,,,0,175,,1690,19,,,0
601,'5484',636,,1701,19,,,0,95,,1696,19,,,0,100,,1702,19,,,0,102,,1691,19,,,0,103,,1703,19,,,0,105,,1694,19,,,0,110,,1704,19,,,0,95,,1699,19,,,0,100,,1695,19,,,0,105,,1700,19,,,0,95,,1693,19,,,0,155,,1692,19,,,0,55,,1697,19,,,0,185,,1698,19,,,0
601,'5485',1951,,1705,19,,,0
601,'5488',1951,,1706,19,,,0
601,'5489',831,,1707,19,,,0,100,,1708,19,,,0,105,,1709,19,,,0,105,,1711,19,,,0,110,,1712,19,,,0,105,,1713,19,,,0,145,,1714,19,,,0,100,,1716,19,,,0,55,,1710,19,,,0,100,,1717,19,,,0,100,,1718,19,,,0,95,,1715,19,,,0,90,,1719,19,,,0
1101,'5484',731,,1844,4,,,0,273,,1843,4,,,0,118,,1845,4,,,0,237,,1841,4,,,0,160,,1846,4,,,0,400,,1842,4,,,0,330,,1847,4,,,0
1101,'5489',1004,,1852,4,,,0,118,,1848,4,,,0,397,,1849,4,,,0,400,,1850,4,,,0,330,,1851,4,,,0
1201,'5484',721,,1865,14,,,0,125,,1862,14,,,0,407,,1863,14,,,0,198,,1861,14,,,0,300,,1864,14,,,0,102,,1866,14,,,0
9901,'5484',1604,,1905,30,0,5 6,0
