100,'5483',944,,1361,31,4,,0,82,,1353,31,4,,0,103,,1352,31,4,,0,85,,1354,31,4,,0,100,,1355,31,4,,0,101,,1356,31,4,,0,90,,1357,31,4,,0,100,,1358,31,4,,0,99,,1359,31,4,,0,98,,1363,31,4,,0,55,,1362,31,4,,0,101,,1360,31,4,,0
100,'5484',647,,1366,31,4,,0,70,,1372,31,4,,0,20,,1378,31,4,,0,20,,1383,31,4,,0,60,,1364,31,4,,0,19,,1365,31,4,,0,20,,1373,31,4,,0,60,,1379,31,4,,0,21,,1384,31,4,,0,20,,1368,31,4,,0,60,,1371,31,4,,0,25,,1375,31,4,,0,65,,1369,31,4,,0,32,,1380,31,4,,0,75,,1376,31,4,,0,41,,1382,31,4,,0,80,,1367,31,4,,0,80,,1374,31,4,,0,31,,1394,31,4,,0,69,,1370,31,4,,0,30,,1386,31,4,,0,69,,1381,31,4,,0,20,,1393,31,4,,0,20,,1377,31,4,,0,59,,1392,31,4,,0,18,,1388,31,4,,0,22,,1391,31,4,,0,64,,1395,31,4,,0,25,,1385,31,4,,0,75,,1390,31,4,,0,34,,1389,31,4,,0,75,,1387,31,4,,0
100,'5485',1536,,1398,13,4,,0,595,,1396,31,4,,0,105,,1397,31,4,,0
100,'5488',1536,,1402,13,4,,0,595,,1399,31,4,,0,105,,1400,31,4,,0,175,,1401,31,4,,0
100,'5489',751,,1422,20,4,,0,149,,1420,31,4,,0,41,,1403,31,4,,0,83,,1425,31,4,,0,80,,1405,31,4,,0,40,,1404,31,4,,0,81,,1409,31,4,,0,79,,1412,31,4,,0,31,,1424,31,4,,0,70,,1427,31,4,,0,30,,1408,31,4,,0,70,,1411,31,4,,0,30,,1407,31,4,,0,69,,1426,31,4,,0,27,,1406,31,4,,0,73,,1413,31,4,,0,34,,1410,31,4,,0,72,,1415,31,4,,0,32,,1416,31,4,,0,75,,1414,31,4,,0,34,,1421,31,4,,0,75,,1417,31,4,,0,105,,1418,31,4,,0,105,,1419,31,4,,0,175,,1423,31,4,,0
301,'5483',828,,1568,1,,,0,207,,1570,1,,,0,100,,1575,1,,,0,185,,1571,1,,,0,105,,1569,1,,,0,185,,1573,1,,,0,100,,1572,1,,,0,100,,1574,1,,,0
301,'5484',732,,1576,1,,,0,82,,1582,1,,,0,6,,1577,1,0,14 15,0,105,,1581,1,,,0,105,,1580,1,,,0,115,,1579,1,,,0,155,,1583,1,,,0,100,,1584,1,,,0,52,,1578,1,,,0,72,,1587,1,,,0,131,,1585,1,,,0,103,,1586,1,,,0,142,,1588,1,,,0
301,'5485',1550,,1589,1,,,0
301,'5488',1550,,1590,1,,,0
301,'5489',815,,1594,1,,,0,126,,1595,1,,,0,164,,1592,1,,,0,110,,1591,1,,,0,100,,1593,1,,,0,100,,1597,1,,,0,105,,1598,1,,,0,115,,1599,1,,,0,110,,1596,1,,,0,160,,1600,1,,,0
400,'5483',1252,,1601,9,4,,0,291,,1602,9,4,,0,383,,1603,9,4,,0
400,'5484',813,,1604,9,4,,0,102,,1612,9,4,,0,101,,1606,9,4,,0,111,,1605,9,4,,0,123,,1611,9,4,,0,207,,1609,9,4,,0,190,,1608,9,4,,0,104,,1610,9,4,,0,105,,1607,9,4,,0
400,'5489',957,,1618,9,4,,0,101,,1613,9,4,,0,154,,1615,9,4,,0,104,,1616,9,4,,0,196,,1614,9,4,,0,105,,1620,9,4,,0,114,,1617,9,4,,0,172,,1619,9,4,,0
1500,'5487',937,,1883,10,4,,0,80,,1881,10,4,,0,40,,1882,10,4,,0,280,,1880,10,4,,0,80,,1879,10,4,,0,40,,1878,10,4,,0
1501,'5487',900,,1887,1,,,0,40,,1888,1,,,0,80,,1889,1,,,0,280,,1884,1,,,0,40,,1885,1,,,0,80,,1886,1,,,0
