101,'5483',927,,1429,29,,,0,100,,1428,29,,,0,106,,1430,29,,,0,100,,1431,29,,,0,101,,1432,29,,,0,89,,1433,29,,,0,100,,1434,29,,,0,99,,1435,29,,,0,91,,1437,29,,,0,92,,1438,29,,,0,98,,1436,29,,,0
101,'5484',612,,1443,29,,,0,29,,1447,29,,,0,60,,1453,29,,,0,19,,1459,29,,,0,18,,1442,29,,,0,17,,1469,29,,,0,58,,1446,29,,,0,20,,1456,29,,,0,21,,1460,29,,,0,59,,1444,29,,,0,20,,1448,29,,,0,25,,1450,29,,,0,66,,1441,29,,,0,30,,1455,29,,,0,75,,1454,29,,,0,80,,1458,29,,,0,41,,1440,29,,,0,80,,1451,29,,,0,70,,1470,29,,,0,30,,1445,29,,,0,70,,1463,29,,,0,30,,1457,29,,,0,11,,1465,29,,,0,10,,1468,29,,,0,59,,1449,29,,,0,19,,1467,29,,,0,82,,1466,29,,,0,26,,1471,29,,,0,68,,1452,29,,,0,35,,1461,29,,,0,75,,1464,29,,,0,35,,1462,29,,,0
101,'5485',1649,,1472,29,,,0,407,,1473,29,,,0,146,,1474,29,,,0
101,'5488',1649,,1475,29,,,0,407,,1476,29,,,0,146,,1477,29,,,0,105,,1478,29,,,0
101,'5489',739,,1497,29,,,0,86,,1479,29,,,0,85,,1500,29,,,0,37,,1480,29,,,0,84,,1495,29,,,0,75,,1481,29,,,0,40,,1482,29,,,0,77,,1483,29,,,0,30,,1499,29,,,0,70,,1502,29,,,0,28,,1484,29,,,0,70,,1487,29,,,0,30,,1486,29,,,0,70,,1501,29,,,0,30,,1490,29,,,0,70,,1488,29,,,0,36,,1485,29,,,0,75,,1489,29,,,0,73,,1493,29,,,0,35,,1503,29,,,0,75,,1491,29,,,0,35,,1496,29,,,0,106,,1494,29,,,0,146,,1492,29,,,0,105,,1498,29,,,0
501,'5483',916,,1665,15,,,0,238,,1662,15,,,0,179,,1663,15,,,0,170,,1661,15,,,0,151,,1664,15,,,0
501,'5484',714,,1676,10,,,0,113,,1668,10,,,0,93,,1670,15,,,0,117,,1671,15,,,0,105,,1672,15,,,0,107,,1673,15,,,0,106,,1674,15,,,0,92,,1675,15,,,0,97,,1666,15,,,0,113,,1667,15,,,0
501,'5489',1033,,1679,15,,,0,108,,1680,15,,,0,117,,1681,15,,,0,145,,1683,15,,,0,108,,1682,15,,,0,106,,1677,15,,,0
701,'5484',803,,1726,24,,,0,749,,1727,24,,,0,79,,1722,24,,,0
701,'5489',905,,1732,24,,,0,653,,1737,24,,,0
801,'5483',1054,,1775,22,,,0,203,,1772,22,,,0,174,,1773,22,,,0,175,,1774,22,,,0,130,,1777,22,,,0,119,,1776,22,,,0
801,'5484',656,,1780,22,,,0,150,,1778,22,,,0,104,,1779,22,,,0,100,,1782,22,,,0,105,,1783,22,,,0,105,,1784,22,,,0,103,,1785,22,,,0,100,,1781,22,,,0,100,,1786,22,,,0,100,,1790,22,,,0,105,,1788,22,,,0,207,,1787,22,,,0,181,,1789,22,,,0
801,'5485',1825,,1791,22,,,0
801,'5488',1825,,1792,22,,,0
801,'5489',910,,1795,22,,,0,100,,1796,22,,,0,112,,1802,22,,,0,108,,1794,22,,,0,111,,1803,22,,,0,100,,1793,22,,,0,105,,1797,22,,,0,106,,1798,22,,,0,163,,1799,22,,,0,114,,1800,22,,,0,187,,1801,22,,,0
1001,'5484',746,,1819,8,,,0
1401,'5486',835,,1875,9,,,0,1,,1875,11,,,0,213,,1876,9,,,0,1,,1876,11,,,0,485,,1877,9,,,0,1,,1877,11,,,0
