100,'5483',918,,1361,5,,,0,82,,1353,5,,,0,103,,1352,5,,,0,45,,1354,5,,,0,100,,1355,5,,,0,101,,1356,5,,,0,90,,1357,5,,,0,100,,1358,5,,,0,99,,1359,5,,,0,100,,1363,5,,,0,95,,1362,5,,,0,102,,1360,5,,,0
100,'5484',624,,1366,5,,,0,30,,1372,5,,,0,60,,1378,5,,,0,20,,1383,5,,,0,18,,1364,5,,,0,56,,1365,5,,,0,18,,1373,5,,,0,21,,1379,5,,,0,61,,1384,5,,,0,20,,1368,5,,,0,20,,1371,5,,,0,65,,1375,5,,,0,25,,1369,5,,,0,72,,1380,5,,,0,35,,1376,5,,,0,80,,1382,5,,,0,80,,1367,5,,,0,40,,1374,5,,,0,70,,1394,5,,,0,30,,1370,5,,,0,70,,1386,5,,,0,30,,1381,5,,,0,60,,1393,5,,,0,20,,1377,5,,,0,19,,1392,5,,,0,59,,1388,5,,,0,22,,1391,5,,,0,28,,1395,5,,,0,65,,1385,5,,,0,36,,1390,5,,,0,74,,1389,5,,,0,75,,1387,5,,,0
100,'5485',2108,,1396,5,,,0,105,,1397,5,,,0
100,'5488',2108,,1399,5,,,0,105,,1400,5,,,0,135,,1401,5,,,0
100,'5489',835,,1420,5,,,0,80,,1403,5,,,0,43,,1425,5,,,0,80,,1405,5,,,0,80,,1404,5,,,0,41,,1409,5,,,0,78,,1412,5,,,0,70,,1424,5,,,0,30,,1427,5,,,0,70,,1408,5,,,0,30,,1411,5,,,0,70,,1407,5,,,0,29,,1426,5,,,0,67,,1406,5,,,0,33,,1413,5,,,0,74,,1410,5,,,0,35,,1415,5,,,0,73,,1416,5,,,0,36,,1414,5,,,0,74,,1421,5,,,0,75,,1417,5,,,0,105,,1418,5,,,0,105,,1419,5,,,0,135,,1423,5,,,0
200,'5484',759,,1511,12,4,,0
400,'5483',1240,,1601,1,,,0,291,,1602,1,,,0,384,,1603,1,,,0
400,'5484',802,,1604,1,,,0,101,,1612,1,,,0,101,,1606,1,,,0,111,,1605,1,,,0,123,,1611,1,,,0,207,,1609,1,,,0,190,,1608,1,,,0,105,,1610,1,,,0,105,,1607,1,,,0
400,'5489',945,,1618,1,,,0,101,,1613,1,,,0,154,,1615,1,,,0,104,,1616,1,,,0,196,,1614,1,,,0,105,,1620,1,,,0,115,,1617,1,,,0,132,,1619,1,,,0
401,'5483',904,,1621,9,4,,0,334,,1622,9,4,,0,291,,1623,9,4,,0
401,'5484',901,,1630,9,4,,0,101,,1626,9,4,,0,111,,1631,9,4,,0,123,,1627,9,4,,0,204,,1629,9,4,,0,166,,1625,9,4,,0,132,,1628,9,4,,0,103,,1624,9,4,,0
401,'5489',856,,1633,9,4,,0,172,,1636,9,4,,0,117,,1634,9,4,,0,103,,1632,9,4,,0,210,,1635,9,4,,0,171,,1639,9,4,,0,99,,1638,9,4,,0,104,,1637,9,4,,0
500,'5483',1114,,1640,5,,,0,130,,1641,5,,,0,171,,1642,5,,,0,144,,1643,5,,,0
500,'5484',805,,1647,1,,,0,31,,1646,5,,,0,93,,1652,5,,,0,128,,1648,5,,,0,146,,1649,5,,,0,105,,1650,5,,,0,101,,1651,5,,,0,95,,1644,5,,,0,114,,1645,5,,,0
500,'5489',952,,1654,5,,,0,148,,1658,5,,,0,113,,1659,5,,,0,106,,1660,5,,,0,111,,1656,5,,,0,104,,1657,5,,,0,105,,1653,5,,,0
701,'5484',804,,1726,25,4,,0,749,,1727,25,4,,0,79,,1722,25,4,,0
701,'5489',906,,1732,25,4,,0,653,,1737,25,4,,0
800,'5483',941,,1738,5,,,0,202,,1739,5,,,0,176,,1740,5,,,0,130,,1741,5,,,0,175,,1743,5,,,0,193,,1742,5,,,0
800,'5484',624,,1746,5,,,0,116,,1751,5,,,0,109,,1749,5,,,0,103,,1748,5,,,0,94,,1744,5,,,0,105,,1747,5,,,0,108,,1745,5,,,0,146,,1750,5,,,0,107,,1752,5,,,0,47,,1753,5,,,0,144,,1754,5,,,0,106,,1757,5,,,0,200,,1755,5,,,0,140,,1756,5,,,0
800,'5485',1859,,1758,5,,,0
800,'5488',1859,,1759,5,,,0
800,'5489',830,,1771,5,0,7,0,92,,1768,5,,,0,120,,1762,5,,,0,109,,1769,5,,,0,157,,1766,5,,,0,105,,1770,5,,,0,108,,1767,5,,,0,105,,1760,5,,,0,108,,1761,5,,,0,115,,1763,5,,,0,161,,1764,5,,,0,139,,1765,5,,,0
1000,'5484',802,,1812,5,,,0,10,,1808,13,,,0,35,,1807,13,,,0,193,,1810,14,,,0,386,,1809,13,,,0,416,,1811,14,,,0,315,,1806,13,,,0
1000,'5489',1025,,1813,14,,,0,401,,1814,13,,,0,404,,1816,14,,,0,327,,1815,13,,,0
1001,'5484',707,,1821,7,,,0,39,,1819,7,,,0,166,,1820,7,0,10 11 2,0,409,,1824,7,,,0,393,,1822,7,0,10 11 2,0,343,,1823,7,,,0
1001,'5489',859,,1825,7,0,10 11 2,0,462,,1826,7,,,0,385,,1827,7,0,10 11 2,0,351,,1828,7,,,0
1400,'5486',915,,1872,12,,,0,214,,1873,12,,,0,487,,1874,12,,,0
1401,'5486',836,,1875,10,,,0,214,,1876,10,,,0,486,,1877,10,,,0
2001,'5484',1608,,1892,1,,,0
