200,'5483',937,,1504,1,,,0,113,,1509,1,,,0,169,,1505,1,,,0,132,,1510,1,,,0,177,,1507,1,,,0,184,,1508,1,,,0,198,,1506,1,,,0
200,'5484',626,,1524,1,,,0,85,,1522,1,,,0,30,,1511,1,0,8 9,0,89,,1523,1,,,0,100,,1525,1,,,0,105,,1519,1,,,0,105,,1520,1,,,0,105,,1521,1,,,0,96,,1517,1,,,0,108,,1512,1,,,0,96,,1518,1,,,0,85,,1516,1,,,0,85,,1526,1,,,0,35,,1514,1,,,0,200,,1513,1,,,0,180,,1515,1,,,0
200,'5485',1840,,1527,1,,,0
200,'5488',1840,,1528,1,,,0,483,,1529,1,,,0
200,'5489',811,,1531,1,,,0,120,,1530,1,,,0,108,,1532,1,,,0,112,,1533,1,,,0,105,,1541,1,,,0,145,,1535,1,,,0,105,,1534,1,,,0,105,,1536,1,,,0,99,,1537,1,,,0,120,,1538,1,,,0,121,,1539,1,,,0,179,,1540,1,,,0,193,,1542,1,,,0
201,'5483',937,,1544,8,4,,0,113,,1546,8,4,,0,301,,1547,8,4,,0,361,,1545,8,4,,0,198,,1543,8,4,,0
201,'5484',626,,1553,8,4,,0,85,,1554,8,4,,0,30,,1549,8,4,,0,89,,1556,8,4,,0,100,,1551,8,4,,0,411,,1550,8,4,,0,204,,1552,8,4,,0,170,,1557,8,4,,0,235,,1548,8,4,,0,180,,1555,8,4,,0
201,'5485',1840,,1558,8,4,,0
201,'5488',1840,,1560,8,4,,0,483,,1559,8,4,,0
201,'5489',931,,1562,8,4,,0,325,,1566,8,4,,0,145,,1561,8,4,,0,309,,1563,8,4,,0,120,,1564,8,4,,0,300,,1565,8,4,,0,193,,1567,8,4,,0
2001,'5483',1219,,1891,10,4,,0,309,,1890,10,4,,0
2001,'5484',1035,,1897,10,4,,0,105,,1895,10,4,,0,105,,1893,10,4,,0,204,,1894,10,4,,0,181,,1892,12,4,,0,120,,1896,10,4,,0
2001,'5489',811,,1898,10,4,,0,228,,1901,10,4,,0,112,,1900,10,4,,0,355,,1902,10,4,,0,105,,1903,10,4,,0,340,,1899,10,4,,0
