101,'5483',918,,1429,20,,,0,100,,1428,20,,,0,106,,1430,20,,,0,100,,1431,20,,,0,101,,1432,20,,,0,90,,1433,20,,,0,100,,1434,20,,,0,99,,1435,20,,,0,91,,1437,20,,,0,52,,1438,20,,,0,99,,1436,20,,,0
101,'5484',605,,1443,20,,,0,29,,1447,20,,,0,20,,1453,20,,,0,59,,1459,20,,,0,18,,1442,20,,,0,17,,1469,20,,,0,54,,1439,17,0,13,0,4,,1446,20,,,0,20,,1456,20,,,0,20,,1460,20,,,0,59,,1444,20,,,0,20,,1448,20,,,0,25,,1450,20,,,0,65,,1441,20,,,0,30,,1455,20,,,0,75,,1454,20,,,0,80,,1458,20,,,0,41,,1440,20,,,0,80,,1451,20,,,0,30,,1470,20,,,0,70,,1445,20,,,0,30,,1463,20,,,0,70,,1457,20,,,0,11,,1465,20,,,0,10,,1468,20,,,0,59,,1449,20,,,0,19,,1467,20,,,0,82,,1466,20,,,0,26,,1471,20,,,0,30,,1452,20,,,0,75,,1461,20,,,0,75,,1464,20,,,0,35,,1462,20,,,0
101,'5485',1640,,1472,20,,,0,409,,1473,20,,,0,106,,1474,20,,,0
101,'5488',1640,,1475,20,,,0,409,,1476,20,,,0,106,,1477,20,,,0,145,,1478,20,,,0
101,'5489',731,,1497,20,,,0,86,,1479,20,,,0,85,,1500,20,,,0,36,,1480,20,,,0,84,,1495,20,,,0,35,,1481,20,,,0,80,,1482,20,,,0,77,,1483,20,,,0,30,,1499,20,,,0,70,,1502,20,,,0,28,,1484,20,,,0,70,,1487,20,,,0,30,,1486,20,,,0,70,,1501,20,,,0,30,,1490,20,,,0,70,,1488,20,,,0,36,,1485,20,,,0,75,,1489,20,,,0,35,,1493,20,,,0,75,,1503,20,,,0,75,,1491,20,,,0,35,,1496,20,,,0,106,,1494,20,,,0,106,,1492,20,,,0,145,,1498,20,,,0
501,'5483',906,,1665,5,,,0,238,,1662,5,,,0,179,,1663,5,,,0,130,,1661,5,,,0,191,,1664,5,,,0
501,'5484',909,,1670,5,,,0,117,,1671,5,,,0,105,,1672,5,,,0,107,,1673,5,,,0,106,,1674,5,,,0,92,,1675,5,,,0,94,,1669,5,0,13 16,0,3,,1666,5,,,0,113,,1667,5,,,0
501,'5489',854,,1678,5,0,13 16,0,169,,1679,5,,,0,108,,1680,5,,,0,117,,1681,5,,,0,105,,1683,5,,,0,148,,1682,5,,,0,106,,1677,5,,,0,100,,1684,5,0,13 16,0,129,,1685,5,0,13 16,0
601,'5483',1030,,1686,34,,,0,205,,1687,34,,,0,175,,1688,34,,,0,130,,1689,34,,,0,175,,1690,34,,,0
601,'5484',650,,1701,34,,,0,95,,1696,34,,,0,100,,1702,34,,,0,102,,1691,34,,,0,103,,1703,34,,,0,105,,1694,34,,,0,150,,1704,34,,,0,95,,1699,34,,,0,100,,1695,34,,,0,105,,1700,34,,,0,95,,1693,34,,,0,115,,1692,34,,,0,95,,1697,34,,,0,145,,1698,34,,,0
601,'5485',2005,,1705,34,,,0
601,'5488',2005,,1706,34,,,0
601,'5489',845,,1707,34,,,0,100,,1708,34,,,0,105,,1709,34,,,0,105,,1711,34,,,0,150,,1712,34,,,0,105,,1713,34,,,0,105,,1714,34,,,0,100,,1716,34,,,0,95,,1710,34,,,0,100,,1717,34,,,0,100,,1718,34,,,0,95,,1715,34,,,0,50,,1719,34,,,0
1101,'5484',737,,1844,9,,,0,274,,1843,9,,,0,118,,1845,9,,,0,278,,1841,9,,,0,120,,1846,9,,,0,398,,1842,9,,,0,330,,1847,9,,,0
1101,'5489',1012,,1852,9,,,0,117,,1848,9,,,0,398,,1849,9,,,0,398,,1850,9,,,0,330,,1851,9,,,0
1201,'5484',729,,1865,20,,,0,125,,1862,20,,,0,447,,1863,20,,,0,158,,1861,20,,,0,300,,1864,20,,,0,142,,1866,20,,,0
1201,'5489',1258,,1867,14,,,0,600,,1868,14,,,0
1301,'5486',1028,,1869,17,,,0,214,,1870,17,,,0,486,,1871,17,,,0
9900,'5484',901,,1904,46,0,5 6,0
9901,'5484',1612,,1905,35,0,5 6,0
