501,'5483',915,,1665,14,,,0,238,,1662,14,,,0,179,,1663,14,,,0,170,,1661,14,,,0,151,,1664,14,,,0
501,'5484',713,,1676,9,,,0,113,,1668,9,,,0,93,,1670,14,,,0,117,,1671,14,,,0,105,,1672,14,,,0,107,,1673,14,,,0,106,,1674,14,,,0,92,,1675,14,,,0,97,,1666,14,,,0,113,,1667,14,,,0
501,'5489',1032,,1679,14,,,0,108,,1680,14,,,0,117,,1681,14,,,0,145,,1683,14,,,0,108,,1682,14,,,0,106,,1677,14,,,0
701,'5484',803,,1726,23,,,0,749,,1727,23,,,0,79,,1722,23,,,0
701,'5489',905,,1732,23,,,0,653,,1737,23,,,0
801,'5483',1053,,1775,21,,,0,203,,1772,21,,,0,174,,1773,21,,,0,175,,1774,21,,,0,130,,1777,21,,,0,119,,1776,21,,,0
801,'5484',655,,1780,21,,,0,150,,1778,21,,,0,104,,1779,21,,,0,100,,1782,21,,,0,105,,1783,21,,,0,105,,1784,21,,,0,103,,1785,21,,,0,100,,1781,21,,,0,100,,1786,21,,,0,100,,1790,21,,,0,105,,1788,21,,,0,207,,1787,21,,,0,181,,1789,21,,,0
801,'5485',1824,,1791,21,,,0
801,'5488',1824,,1792,21,,,0
801,'5489',909,,1795,21,,,0,100,,1796,21,,,0,112,,1802,21,,,0,108,,1794,21,,,0,111,,1803,21,,,0,100,,1793,21,,,0,105,,1797,21,,,0,106,,1798,21,,,0,163,,1799,21,,,0,114,,1800,21,,,0,187,,1801,21,,,0
