701,'5484',755,,1726,14,,,0,868,,1722,14,,,0
701,'5489',857,,1732,14,,,0,693,,1737,14,,,0
701,'5604',1544,,1727,14,,,0
701,'5605',1544,,1946,14,,,0
801,'5483',1046,,1775,10,,,0,203,,1772,10,,,0,174,,1773,10,,,0,135,,1774,10,,,0,170,,1777,10,,,0,119,,1776,10,,,0
801,'5484',648,,1780,10,,,0,110,,1778,10,,,0,144,,1779,10,,,0,100,,1782,10,,,0,105,,1783,10,,,0,105,,1784,10,,,0,103,,1785,10,,,0,100,,1781,10,,,0,100,,1786,10,,,0,100,,1790,10,,,0,105,,1788,10,,,0,388,,1789,10,,,0
801,'5488',1817,,1950,10,,,0
801,'5489',902,,1795,10,,,0,100,,1796,10,,,0,112,,1802,10,,,0,108,,1794,10,,,0,111,,1803,10,,,0,100,,1793,10,,,0,105,,1797,10,,,0,106,,1798,10,,,0,163,,1799,10,,,0,114,,1800,10,,,0,187,,1801,10,,,0
801,'5604',1817,,1791,10,,,0,110,,1787,10,,,0
801,'5605',1927,,1951,10,,,0
801,'5606',1817,,1952,10,,,0
