101,'5483',916,,1429,18,,,0,100,,1428,18,,,0,106,,1430,18,,,0,100,,1431,18,,,0,101,,1432,18,,,0,90,,1433,18,,,0,100,,1434,18,,,0,99,,1435,18,,,0,91,,1437,18,,,0,52,,1438,18,,,0,99,,1436,18,,,0
101,'5484',603,,1443,18,,,0,29,,1447,18,,,0,20,,1453,18,,,0,59,,1459,18,,,0,18,,1442,18,,,0,17,,1469,18,,,0,54,,1439,15,0,13,0,4,,1446,18,,,0,20,,1456,18,,,0,20,,1460,18,,,0,59,,1444,18,,,0,20,,1448,18,,,0,25,,1450,18,,,0,65,,1441,18,,,0,30,,1455,18,,,0,75,,1454,18,,,0,40,,1458,18,,,0,81,,1440,18,,,0,80,,1451,18,,,0,30,,1470,18,,,0,70,,1445,18,,,0,30,,1463,18,,,0,70,,1457,18,,,0,11,,1465,18,,,0,10,,1468,18,,,0,19,,1449,18,,,0,59,,1467,18,,,0,82,,1466,18,,,0,26,,1471,18,,,0,30,,1452,18,,,0,75,,1461,18,,,0,75,,1464,18,,,0,35,,1462,18,,,0
101,'5485',1638,,1472,18,,,0,409,,1473,18,,,0,106,,1474,18,,,0
101,'5488',1638,,1475,18,,,0,409,,1476,18,,,0,106,,1477,18,,,0,105,,1478,18,,,0
101,'5489',729,,1497,18,,,0,86,,1479,18,,,0,85,,1500,18,,,0,36,,1480,18,,,0,84,,1495,18,,,0,35,,1481,18,,,0,80,,1482,18,,,0,77,,1483,18,,,0,30,,1499,18,,,0,70,,1502,18,,,0,28,,1484,18,,,0,70,,1487,18,,,0,30,,1486,18,,,0,70,,1501,18,,,0,30,,1490,18,,,0,70,,1488,18,,,0,36,,1485,18,,,0,75,,1489,18,,,0,35,,1493,18,,,0,75,,1503,18,,,0,75,,1491,18,,,0,35,,1496,18,,,0,106,,1494,18,,,0,106,,1492,18,,,0,105,,1498,18,,,0
601,'5483',1028,,1686,32,,,0,205,,1687,32,,,0,175,,1688,32,,,0,130,,1689,32,,,0,175,,1690,32,,,0
601,'5484',648,,1701,32,,,0,95,,1696,32,,,0,100,,1702,32,,,0,102,,1691,32,,,0,103,,1703,32,,,0,105,,1694,32,,,0,150,,1704,32,,,0,55,,1699,32,,,0,100,,1695,32,,,0,145,,1700,32,,,0,55,,1693,32,,,0,155,,1692,32,,,0,95,,1697,32,,,0,145,,1698,32,,,0
601,'5485',2003,,1705,32,,,0
601,'5488',2003,,1706,32,,,0
601,'5489',843,,1707,32,,,0,100,,1708,32,,,0,105,,1709,32,,,0,105,,1711,32,,,0,150,,1712,32,,,0,105,,1713,32,,,0,105,,1714,32,,,0,100,,1716,32,,,0,95,,1710,32,,,0,100,,1717,32,,,0,100,,1718,32,,,0,95,,1715,32,,,0,50,,1719,32,,,0
1101,'5484',735,,1844,7,,,0,274,,1843,7,,,0,118,,1845,7,,,0,278,,1841,7,,,0,120,,1846,7,,,0,398,,1842,7,,,0,330,,1847,7,,,0
1101,'5489',1010,,1852,7,,,0,117,,1848,7,,,0,398,,1849,7,,,0,398,,1850,7,,,0,330,,1851,7,,,0
1201,'5484',727,,1865,18,,,0,125,,1862,18,,,0,407,,1863,18,,,0,198,,1861,18,,,0,300,,1864,18,,,0,102,,1866,18,,,0
9901,'5484',1610,,1905,33,0,5 6,0
