100,'5483',916,,1361,2,,,0,42,,1353,2,,,0,143,,1352,2,,,0,45,,1354,2,,,0,100,,1355,2,,,0,100,,1356,2,,,0,90,,1357,2,,,0,100,,1358,2,,,0,100,,1359,2,,,0,100,,1363,2,,,0,95,,1362,2,,,0,102,,1360,2,,,0
100,'5484',622,,1366,2,,,0,30,,1372,2,,,0,60,,1378,2,,,0,20,,1383,2,,,0,18,,1364,2,,,0,56,,1365,2,,,0,18,,1373,2,,,0,21,,1379,2,,,0,61,,1384,2,,,0,20,,1368,2,,,0,20,,1371,2,,,0,65,,1375,2,,,0,25,,1369,2,,,0,72,,1380,2,,,0,35,,1376,2,,,0,79,,1382,2,,,0,80,,1367,2,,,0,40,,1374,2,,,0,70,,1394,2,,,0,30,,1370,2,,,0,70,,1386,2,,,0,30,,1381,2,,,0,60,,1393,2,,,0,20,,1377,2,,,0,19,,1392,2,,,0,60,,1388,2,,,0,22,,1391,2,,,0,28,,1395,2,,,0,65,,1385,2,,,0,36,,1390,2,,,0,74,,1389,2,,,0,75,,1387,2,,,0
100,'5485',2106,,1396,2,,,0,105,,1397,2,,,0
100,'5488',2106,,1399,2,,,0,105,,1400,2,,,0,135,,1401,2,,,0
100,'5489',833,,1420,2,,,0,80,,1403,2,,,0,43,,1425,2,,,0,80,,1405,2,,,0,80,,1404,2,,,0,40,,1409,2,,,0,78,,1412,2,,,0,70,,1424,2,,,0,30,,1427,2,,,0,70,,1408,2,,,0,30,,1411,2,,,0,70,,1407,2,,,0,30,,1426,2,,,0,67,,1406,2,,,0,33,,1413,2,,,0,74,,1410,2,,,0,35,,1415,2,,,0,73,,1416,2,,,0,36,,1414,2,,,0,74,,1421,2,,,0,75,,1417,2,,,0,105,,1418,2,,,0,105,,1419,2,,,0,135,,1423,2,,,0
201,'5483',925,,1544,2,,,0,113,,1546,2,,,0,301,,1547,2,,,0,361,,1545,2,,,0,158,,1543,2,,,0
201,'5484',615,,1553,2,,,0,44,,1554,2,,,0,70,,1549,2,,,0,89,,1556,2,,,0,100,,1551,2,,,0,411,,1550,2,,,0,204,,1552,2,,,0,170,,1557,2,,,0,235,,1548,2,,,0,181,,1555,2,,,0
201,'5485',1828,,1558,2,,,0
201,'5488',1828,,1560,2,,,0,484,,1559,2,,,0
201,'5489',919,,1562,2,,,0,325,,1566,2,,,0,105,,1561,2,,,0,309,,1563,2,,,0,160,,1564,2,,,0,301,,1565,2,,,0,193,,1567,2,,,0
500,'5483',1111,,1640,2,,,0,130,,1641,2,,,0,171,,1642,2,,,0,144,,1643,2,,,0
500,'5484',834,,1646,2,,,0,93,,1652,2,,,0,128,,1648,2,,,0,145,,1649,2,,,0,105,,1650,2,,,0,101,,1651,2,,,0,95,,1644,2,,,0,114,,1645,2,,,0
500,'5489',950,,1654,2,,,0,108,,1658,2,,,0,152,,1659,2,,,0,106,,1660,2,,,0,111,,1656,2,,,0,105,,1657,2,,,0,105,,1653,2,,,0
800,'5483',939,,1738,2,,,0,201,,1739,2,,,0,176,,1740,2,,,0,130,,1741,2,,,0,175,,1743,2,,,0,194,,1742,2,,,0
800,'5484',622,,1746,2,,,0,116,,1751,2,,,0,109,,1749,2,,,0,103,,1748,2,,,0,94,,1744,2,,,0,105,,1747,2,,,0,107,,1745,2,,,0,146,,1750,2,,,0,107,,1752,2,,,0,47,,1753,2,,,0,145,,1754,2,,,0,106,,1757,2,,,0,200,,1755,2,,,0,140,,1756,2,,,0
800,'5485',1857,,1758,2,,,0
800,'5488',1857,,1759,2,,,0
800,'5489',828,,1771,2,0,7,0,92,,1768,2,,,0,120,,1762,2,,,0,108,,1769,2,,,0,157,,1766,2,,,0,105,,1770,2,,,0,108,,1767,2,,,0,106,,1760,2,,,0,108,,1761,2,,,0,115,,1763,2,,,0,161,,1764,2,,,0,139,,1765,2,,,0
1001,'5483',1035,,1817,2,,,0,687,,1818,2,,,0
1400,'5486',913,,1872,9,,,0,214,,1873,9,,,0,486,,1874,9,,,0
2001,'5483',1200,,1891,2,,,0,309,,1890,2,,,0
2001,'5484',1016,,1897,2,,,0,105,,1895,2,,,0,105,,1893,2,,,0,204,,1894,2,,,0,181,,1892,4,,,0,120,,1896,2,,,0
2001,'5489',753,,1898,2,,,0,267,,1901,2,,,0,112,,1900,2,,,0,315,,1902,2,,,0,105,,1903,2,,,0,380,,1899,2,,,0
