100,'5483',941,,1361,27,,,0,82,,1353,27,,,0,103,,1352,27,,,0,85,,1354,27,,,0,100,,1355,27,,,0,101,,1356,27,,,0,90,,1357,27,,,0,100,,1358,27,,,0,99,,1359,27,,,0,58,,1363,27,,,0,95,,1362,27,,,0,101,,1360,27,,,0
100,'5484',644,,1366,27,,,0,70,,1372,27,,,0,20,,1378,27,,,0,20,,1383,27,,,0,60,,1364,27,,,0,18,,1365,27,,,0,19,,1373,27,,,0,61,,1379,27,,,0,21,,1384,27,,,0,20,,1368,27,,,0,60,,1371,27,,,0,25,,1375,27,,,0,65,,1369,27,,,0,32,,1380,27,,,0,75,,1376,27,,,0,41,,1382,27,,,0,80,,1367,27,,,0,80,,1374,27,,,0,31,,1394,27,,,0,69,,1370,27,,,0,30,,1386,27,,,0,69,,1381,27,,,0,20,,1393,27,,,0,20,,1377,27,,,0,59,,1392,27,,,0,18,,1388,27,,,0,22,,1391,27,,,0,65,,1395,27,,,0,25,,1385,27,,,0,75,,1390,27,,,0,34,,1389,27,,,0,75,,1387,27,,,0
100,'5485',1533,,1398,9,,,0,595,,1396,27,,,0,105,,1397,27,,,0
100,'5488',1533,,1402,9,,,0,595,,1399,27,,,0,105,,1400,27,,,0,175,,1401,27,,,0
100,'5489',748,,1422,16,,,0,109,,1420,27,,,0,81,,1403,27,,,0,83,,1425,27,,,0,80,,1405,27,,,0,40,,1404,27,,,0,81,,1409,27,,,0,78,,1412,27,,,0,31,,1424,27,,,0,70,,1427,27,,,0,30,,1408,27,,,0,70,,1411,27,,,0,30,,1407,27,,,0,69,,1426,27,,,0,27,,1406,27,,,0,73,,1413,27,,,0,34,,1410,27,,,0,73,,1415,27,,,0,32,,1416,27,,,0,75,,1414,27,,,0,34,,1421,27,,,0,75,,1417,27,,,0,105,,1418,27,,,0,105,,1419,27,,,0,175,,1423,27,,,0
301,'5483',842,,1568,20,,,0,207,,1570,20,,,0,100,,1575,20,,,0,185,,1571,20,,,0,105,,1569,20,,,0,185,,1573,20,,,0,100,,1572,20,,,0,100,,1574,20,,,0
301,'5484',828,,1582,20,,,0,111,,1581,20,,,0,105,,1580,20,,,0,115,,1579,20,,,0,155,,1583,20,,,0,100,,1584,20,,,0,92,,1578,20,,,0,32,,1587,20,,,0,171,,1585,20,,,0,103,,1586,20,,,0,102,,1588,20,,,0
301,'5485',1604,,1589,20,,,0
301,'5488',1604,,1590,20,,,0
301,'5489',829,,1594,20,,,0,126,,1595,20,,,0,164,,1592,20,,,0,110,,1591,20,,,0,100,,1593,20,,,0,100,,1597,20,,,0,105,,1598,20,,,0,115,,1599,20,,,0,110,,1596,20,,,0,160,,1600,20,,,0
