101,'5483',915,,1429,16,,,0,100,,1428,16,,,0,106,,1430,16,,,0,100,,1431,16,,,0,100,,1432,16,,,0,90,,1433,16,,,0,100,,1434,16,,,0,100,,1435,16,,,0,91,,1437,16,,,0,52,,1438,16,,,0,98,,1436,16,,,0
101,'5484',602,,1443,16,,,0,29,,1447,16,,,0,20,,1453,16,,,0,59,,1459,16,,,0,18,,1442,16,,,0,30,,1439,13,0,13,0,44,,1446,16,,,0,20,,1456,16,,,0,20,,1460,16,,,0,79,,1448,16,,,0,25,,1450,16,,,0,66,,1441,16,,,0,30,,1455,16,,,0,75,,1454,16,,,0,40,,1458,16,,,0,80,,1440,16,,,0,80,,1451,16,,,0,30,,1470,16,,,0,70,,1445,16,,,0,30,,1463,16,,,0,70,,1457,16,,,0,11,,1465,16,,,0,10,,1468,16,,,0,78,,1467,16,,,0,43,,1466,16,,,0,95,,1452,16,,,0,75,,1461,16,,,0,110,,1462,16,,,0
101,'5488',1636,,1919,16,,,0,410,,1920,16,,,0,106,,1921,16,,,0,105,,1922,16,,,0
101,'5489',727,,1497,16,,,0,86,,1479,16,,,0,45,,1500,16,,,0,77,,1480,16,,,0,83,,1495,16,,,0,35,,1481,16,,,0,80,,1482,16,,,0,77,,1483,16,,,0,30,,1499,16,,,0,70,,1502,16,,,0,29,,1484,16,,,0,70,,1487,16,,,0,30,,1486,16,,,0,70,,1501,16,,,0,30,,1490,16,,,0,70,,1488,16,,,0,36,,1485,16,,,0,75,,1489,16,,,0,34,,1493,16,,,0,75,,1503,16,,,0,75,,1491,16,,,0,35,,1496,16,,,0,107,,1494,16,,,0,106,,1492,16,,,0,105,,1498,16,,,0
101,'5604',744,,1469,16,,,0,157,,1444,16,,,0,656,,1449,16,,,0,79,,1472,16,,,0,89,,1471,16,,,0,179,,1464,16,,,0,142,,1473,16,,,0,106,,1474,16,,,0
101,'5605',744,,1926,16,,,0,157,,1923,16,,,0,656,,1924,16,,,0,168,,1927,16,,,0,179,,1925,16,,,0
101,'5606',1636,,1928,16,,,0,410,,1929,16,,,0,106,,1930,16,,,0
1101,'5484',734,,1844,5,,,0,273,,1843,5,,,0,118,,1845,5,,,0,278,,1841,5,,,0,120,,1846,5,,,0,399,,1842,5,,,0,330,,1847,5,,,0
1101,'5489',1008,,1852,5,,,0,117,,1848,5,,,0,398,,1849,5,,,0,399,,1850,5,,,0,330,,1851,5,,,0
1201,'5484',725,,1865,16,,,0,125,,1862,16,,,0,407,,1863,16,,,0,198,,1861,16,,,0,402,,1866,16,,,0
1201,'5604',1755,,1864,16,,,0
1201,'5605',1755,,1956,16,,,0
