100,'5483',923,,1361,11,,,0,82,,1353,11,,,0,103,,1352,11,,,0,45,,1354,11,,,0,100,,1355,11,,,0,101,,1356,11,,,0,90,,1357,11,,,0,100,,1358,11,,,0,99,,1359,11,,,0,99,,1363,11,,,0,95,,1362,11,,,0,102,,1360,11,,,0
100,'5484',628,,1366,11,,,0,30,,1372,11,,,0,60,,1378,11,,,0,20,,1383,11,,,0,18,,1364,11,,,0,58,,1365,11,,,0,19,,1373,11,,,0,21,,1379,11,,,0,61,,1384,11,,,0,20,,1368,11,,,0,20,,1371,11,,,0,65,,1375,11,,,0,25,,1369,11,,,0,72,,1380,11,,,0,35,,1376,11,,,0,80,,1382,11,,,0,80,,1367,11,,,0,40,,1374,11,,,0,70,,1394,11,,,0,29,,1370,11,,,0,70,,1386,11,,,0,30,,1381,11,,,0,60,,1393,11,,,0,20,,1377,11,,,0,19,,1392,11,,,0,59,,1388,11,,,0,22,,1391,11,,,0,26,,1395,11,,,0,65,,1385,11,,,0,36,,1390,11,,,0,74,,1389,11,,,0,75,,1387,11,,,0
100,'5485',2112,,1396,11,,,0,105,,1397,11,,,0
100,'5488',2112,,1399,11,,,0,105,,1400,11,,,0,135,,1401,11,,,0
100,'5489',840,,1420,11,,,0,80,,1403,11,,,0,83,,1425,11,,,0,40,,1405,11,,,0,80,,1404,11,,,0,81,,1409,11,,,0,38,,1412,11,,,0,70,,1424,11,,,0,30,,1427,11,,,0,70,,1408,11,,,0,30,,1411,11,,,0,70,,1407,11,,,0,29,,1426,11,,,0,67,,1406,11,,,0,33,,1413,11,,,0,74,,1410,11,,,0,34,,1415,11,,,0,73,,1416,11,,,0,36,,1414,11,,,0,74,,1421,11,,,0,75,,1417,11,,,0,105,,1418,11,,,0,105,,1419,11,,,0,135,,1423,11,,,0
500,'5483',1120,,1640,13,,,0,131,,1641,13,,,0,171,,1642,13,,,0,184,,1643,13,,,0
500,'5484',811,,1647,9,,,0,30,,1646,13,,,0,93,,1652,13,,,0,169,,1648,13,,,0,107,,1649,13,,,0,106,,1650,13,,,0,101,,1651,13,,,0,95,,1644,13,,,0,114,,1645,13,,,0
500,'5489',959,,1654,13,,,0,148,,1658,13,,,0,114,,1659,13,,,0,106,,1660,13,,,0,111,,1656,13,,,0,104,,1657,13,,,0,105,,1653,13,,,0
701,'5484',700,,1721,16,0,12,0,213,,1728,16,0,12,0,112,,1729,16,0,12,0,95,,1723,16,0,12,0,110,,1730,16,0,12,0,196,,1724,16,0,12,0,301,,1731,16,0,12,0,108,,1720,16,0,12,0,210,,1725,16,0,12,0
701,'5489',1110,,1736,16,0,12,0,207,,1733,16,0,12,0,413,,1735,16,0,12,0,315,,1734,16,0,12,0
800,'5483',954,,1738,20,,,0,202,,1739,20,,,0,176,,1740,20,,,0,170,,1741,20,,,0,135,,1743,20,,,0,193,,1742,20,,,0
800,'5484',637,,1746,20,,,0,116,,1751,20,,,0,149,,1749,20,,,0,103,,1748,20,,,0,54,,1744,20,,,0,145,,1747,20,,,0,108,,1745,20,,,0,106,,1750,20,,,0,107,,1752,20,,,0,87,,1753,20,,,0,104,,1754,20,,,0,106,,1757,20,,,0,200,,1755,20,,,0,180,,1756,20,,,0
800,'5485',1912,,1758,20,,,0
800,'5488',1912,,1759,20,,,0
800,'5489',844,,1771,20,0,7,0,92,,1768,20,,,0,120,,1762,20,,,0,149,,1769,20,,,0,117,,1766,20,,,0,105,,1770,20,,,0,108,,1767,20,,,0,105,,1760,20,,,0,108,,1761,20,,,0,155,,1763,20,,,0,121,,1764,20,,,0,178,,1765,20,,,0
1400,'5486',922,,1872,18,,,0,214,,1873,18,,,0,487,,1874,18,,,0
