501,'5483',914,,1665,12,,,0,238,,1662,12,,,0,179,,1663,12,,,0,170,,1661,12,,,0,151,,1664,12,,,0
501,'5484',712,,1676,7,,,0,113,,1668,7,,,0,93,,1670,12,,,0,117,,1671,12,,,0,105,,1672,12,,,0,107,,1673,12,,,0,106,,1674,12,,,0,92,,1675,12,,,0,97,,1666,12,,,0,113,,1667,12,,,0
501,'5489',1031,,1679,12,,,0,108,,1680,12,,,0,117,,1681,12,,,0,145,,1683,12,,,0,108,,1682,12,,,0,106,,1677,12,,,0
701,'5484',802,,1726,21,,,0,749,,1727,21,,,0,79,,1722,21,,,0
701,'5489',904,,1732,21,,,0,653,,1737,21,,,0
801,'5483',1052,,1775,19,,,0,203,,1772,19,,,0,174,,1773,19,,,0,175,,1774,19,,,0,130,,1777,19,,,0,119,,1776,19,,,0
801,'5484',654,,1780,19,,,0,150,,1778,19,,,0,104,,1779,19,,,0,100,,1782,19,,,0,105,,1783,19,,,0,105,,1784,19,,,0,103,,1785,19,,,0,100,,1781,19,,,0,100,,1786,19,,,0,100,,1790,19,,,0,105,,1788,19,,,0,207,,1787,19,,,0,181,,1789,19,,,0
801,'5485',1823,,1791,19,,,0
801,'5488',1823,,1792,19,,,0
801,'5489',908,,1795,19,,,0,100,,1796,19,,,0,112,,1802,19,,,0,108,,1794,19,,,0,111,,1803,19,,,0,100,,1793,19,,,0,105,,1797,19,,,0,106,,1798,19,,,0,163,,1799,19,,,0,114,,1800,19,,,0,187,,1801,19,,,0
