101,'5483',916,,1429,17,,,0,100,,1428,17,,,0,106,,1430,17,,,0,100,,1431,17,,,0,100,,1432,17,,,0,90,,1433,17,,,0,100,,1434,17,,,0,100,,1435,17,,,0,91,,1437,17,,,0,52,,1438,17,,,0,98,,1436,17,,,0
101,'5484',603,,1443,17,,,0,29,,1447,17,,,0,20,,1453,17,,,0,59,,1459,17,,,0,18,,1442,17,,,0,16,,1469,17,,,0,14,,1439,14,0,13,0,44,,1446,17,,,0,20,,1456,17,,,0,20,,1460,17,,,0,59,,1444,17,,,0,20,,1448,17,,,0,25,,1450,17,,,0,66,,1441,17,,,0,30,,1455,17,,,0,75,,1454,17,,,0,40,,1458,17,,,0,80,,1440,17,,,0,80,,1451,17,,,0,30,,1470,17,,,0,70,,1445,17,,,0,30,,1463,17,,,0,70,,1457,17,,,0,11,,1465,17,,,0,10,,1468,17,,,0,19,,1449,17,,,0,59,,1467,17,,,0,83,,1466,17,,,0,26,,1471,17,,,0,29,,1452,17,,,0,75,,1461,17,,,0,75,,1464,17,,,0,35,,1462,17,,,0
101,'5485',1637,,1472,17,,,0,410,,1473,17,,,0,106,,1474,17,,,0
101,'5488',1637,,1475,17,,,0,410,,1476,17,,,0,106,,1477,17,,,0,105,,1478,17,,,0
101,'5489',728,,1497,17,,,0,86,,1479,17,,,0,45,,1500,17,,,0,77,,1480,17,,,0,83,,1495,17,,,0,35,,1481,17,,,0,80,,1482,17,,,0,77,,1483,17,,,0,30,,1499,17,,,0,70,,1502,17,,,0,29,,1484,17,,,0,70,,1487,17,,,0,30,,1486,17,,,0,70,,1501,17,,,0,30,,1490,17,,,0,70,,1488,17,,,0,36,,1485,17,,,0,75,,1489,17,,,0,34,,1493,17,,,0,75,,1503,17,,,0,75,,1491,17,,,0,35,,1496,17,,,0,107,,1494,17,,,0,106,,1492,17,,,0,105,,1498,17,,,0
601,'5483',1027,,1686,31,,,0,205,,1687,31,,,0,175,,1688,31,,,0,130,,1689,31,,,0,175,,1690,31,,,0
601,'5484',647,,1701,31,,,0,95,,1696,31,,,0,100,,1702,31,,,0,102,,1691,31,,,0,103,,1703,31,,,0,105,,1694,31,,,0,150,,1704,31,,,0,55,,1699,31,,,0,100,,1695,31,,,0,145,,1700,31,,,0,55,,1693,31,,,0,155,,1692,31,,,0,95,,1697,31,,,0,145,,1698,31,,,0
601,'5485',2002,,1705,31,,,0
601,'5488',2002,,1706,31,,,0
601,'5489',842,,1707,31,,,0,100,,1708,31,,,0,105,,1709,31,,,0,105,,1711,31,,,0,150,,1712,31,,,0,105,,1713,31,,,0,105,,1714,31,,,0,100,,1716,31,,,0,95,,1710,31,,,0,100,,1717,31,,,0,100,,1718,31,,,0,95,,1715,31,,,0,50,,1719,31,,,0
1101,'5484',735,,1844,6,,,0,273,,1843,6,,,0,118,,1845,6,,,0,278,,1841,6,,,0,120,,1846,6,,,0,399,,1842,6,,,0,330,,1847,6,,,0
1101,'5489',1009,,1852,6,,,0,117,,1848,6,,,0,398,,1849,6,,,0,399,,1850,6,,,0,330,,1851,6,,,0
1201,'5484',726,,1865,17,,,0,125,,1862,17,,,0,407,,1863,17,,,0,198,,1861,17,,,0,300,,1864,17,,,0,102,,1866,17,,,0
9901,'5484',1609,,1905,32,0,5 6,0
