101,'5483',900,,1429,1,,,0,100,,1428,1,,,0,105,,1430,1,,,0,100,,1431,1,,,0,100,,1432,1,,,0,50,,1433,1,,,0,100,,1434,1,,,0,100,,1435,1,,,0,92,,1437,1,,,0,93,,1438,1,,,0,100,,1436,1,,,0
101,'5484',550,,1443,1,,,0,69,,1447,1,,,0,20,,1453,1,,,0,19,,1459,1,,,0,58,,1442,1,,,0,15,,1469,1,,,0,17,,1446,1,,,0,59,,1456,1,,,0,19,,1460,1,,,0,19,,1444,1,,,0,60,,1448,1,,,0,25,,1450,1,,,0,25,,1441,1,,,0,70,,1455,1,,,0,75,,1454,1,,,0,40,,1458,1,,,0,80,,1440,1,,,0,80,,1451,1,,,0,30,,1470,1,,,0,70,,1445,1,,,0,30,,1463,1,,,0,70,,1457,1,,,0,10,,1465,1,,,0,11,,1468,1,,,0,19,,1449,1,,,0,60,,1467,1,,,0,43,,1466,1,,,0,67,,1471,1,,,0,30,,1452,1,,,0,75,,1461,1,,,0,35,,1464,1,,,0,76,,1462,1,,,0
101,'5485',1620,,1472,1,,,0,414,,1473,1,,,0,106,,1474,1,,,0
101,'5488',1620,,1475,1,,,0,414,,1476,1,,,0,106,,1477,1,,,0,105,,1478,1,,,0
101,'5489',715,,1497,1,,,0,85,,1479,1,,,0,45,,1500,1,,,0,75,,1480,1,,,0,83,,1495,1,,,0,35,,1481,1,,,0,79,,1482,1,,,0,37,,1483,1,,,0,70,,1499,1,,,0,30,,1502,1,,,0,69,,1484,1,,,0,30,,1487,1,,,0,70,,1486,1,,,0,30,,1501,1,,,0,70,,1490,1,,,0,30,,1488,1,,,0,76,,1485,1,,,0,76,,1489,1,,,0,35,,1493,1,,,0,75,,1503,1,,,0,35,,1491,1,,,0,76,,1496,1,,,0,108,,1494,1,,,0,106,,1492,1,,,0,105,,1498,1,,,0
301,'5483',852,,1568,31,4,,0,207,,1570,31,4,,0,100,,1575,31,4,,0,185,,1571,31,4,,0,105,,1569,31,4,,0,185,,1573,31,4,,0,100,,1572,31,4,,0,100,,1574,31,4,,0
301,'5484',838,,1582,31,4,,0,111,,1581,31,4,,0,105,,1580,31,4,,0,155,,1579,31,4,,0,115,,1583,31,4,,0,100,,1584,31,4,,0,92,,1578,31,4,,0,32,,1587,31,4,,0,171,,1585,31,4,,0,103,,1586,31,4,,0,102,,1588,31,4,,0
301,'5485',1614,,1589,31,4,,0
301,'5488',1614,,1590,31,4,,0
301,'5489',839,,1594,31,4,,0,166,,1595,31,4,,0,124,,1592,31,4,,0,110,,1591,31,4,,0,100,,1593,31,4,,0,100,,1597,31,4,,0,105,,1598,31,4,,0,115,,1599,31,4,,0,150,,1596,31,4,,0,120,,1600,31,4,,0
401,'5483',853,,1621,1,,,0,372,,1622,1,,,0,290,,1623,1,,,0
401,'5484',850,,1630,1,,,0,100,,1626,1,,,0,150,,1631,1,,,0,123,,1627,1,,,0,202,,1629,1,,,0,125,,1625,1,,,0,175,,1628,1,,,0,105,,1624,1,,,0
401,'5489',845,,1633,1,,,0,170,,1636,1,,,0,117,,1634,1,,,0,103,,1632,1,,,0,209,,1635,1,,,0,171,,1639,1,,,0,100,,1638,1,,,0,106,,1637,1,,,0
