100,'5483',927,,1361,16,,,0,82,,1353,16,,,0,103,,1352,16,,,0,45,,1354,16,,,0,100,,1355,16,,,0,101,,1356,16,,,0,90,,1357,16,,,0,100,,1358,16,,,0,99,,1359,16,,,0,99,,1363,16,,,0,95,,1362,16,,,0,102,,1360,16,,,0
100,'5484',632,,1366,16,,,0,70,,1372,16,,,0,20,,1378,16,,,0,20,,1383,16,,,0,58,,1364,16,,,0,18,,1365,16,,,0,19,,1373,16,,,0,21,,1379,16,,,0,61,,1384,16,,,0,20,,1368,16,,,0,20,,1371,16,,,0,65,,1375,16,,,0,25,,1369,16,,,0,72,,1380,16,,,0,35,,1376,16,,,0,81,,1382,16,,,0,80,,1367,16,,,0,40,,1374,16,,,0,70,,1394,16,,,0,29,,1370,16,,,0,70,,1386,16,,,0,30,,1381,16,,,0,60,,1393,16,,,0,20,,1377,16,,,0,19,,1392,16,,,0,58,,1388,16,,,0,22,,1391,16,,,0,66,,1395,16,,,0,25,,1385,16,,,0,76,,1390,16,,,0,34,,1389,16,,,0,75,,1387,16,,,0
100,'5485',2116,,1396,16,,,0,105,,1397,16,,,0
100,'5488',2116,,1399,16,,,0,105,,1400,16,,,0,135,,1401,16,,,0
100,'5489',736,,1422,5,,,0,108,,1420,16,,,0,80,,1403,16,,,0,83,,1425,16,,,0,40,,1405,16,,,0,80,,1404,16,,,0,81,,1409,16,,,0,38,,1412,16,,,0,71,,1424,16,,,0,30,,1427,16,,,0,70,,1408,16,,,0,30,,1411,16,,,0,70,,1407,16,,,0,29,,1426,16,,,0,67,,1406,16,,,0,33,,1413,16,,,0,74,,1410,16,,,0,33,,1415,16,,,0,73,,1416,16,,,0,76,,1414,16,,,0,34,,1421,16,,,0,75,,1417,16,,,0,105,,1418,16,,,0,105,,1419,16,,,0,135,,1423,16,,,0
601,'5483',1003,,1686,5,,,0,205,,1687,5,,,0,135,,1688,5,,,0,170,,1689,5,,,0,135,,1690,5,,,0
601,'5484',623,,1701,5,,,0,95,,1696,5,,,0,100,,1702,5,,,0,102,,1691,5,,,0,103,,1703,5,,,0,105,,1694,5,,,0,110,,1704,5,,,0,95,,1699,5,,,0,100,,1695,5,,,0,105,,1700,5,,,0,95,,1693,5,,,0,115,,1692,5,,,0,95,,1697,5,,,0,185,,1698,5,,,0
601,'5485',1938,,1705,5,,,0
601,'5488',1938,,1706,5,,,0
601,'5489',818,,1707,5,,,0,100,,1708,5,,,0,105,,1709,5,,,0,105,,1711,5,,,0,110,,1712,5,,,0,105,,1713,5,,,0,105,,1714,5,,,0,100,,1716,5,,,0,95,,1710,5,,,0,100,,1717,5,,,0,100,,1718,5,,,0,95,,1715,5,,,0,90,,1719,5,,,0
1100,'5484',658,,1832,5,,,0,269,,1833,5,,,0,117,,1829,5,,,0,277,,1830,5,,,0,120,,1834,5,,,0,402,,1831,5,,,0,371,,1835,5,,,0
1100,'5489',927,,1840,5,,,0,117,,1836,5,,,0,397,,1837,5,,,0,402,,1838,5,,,0,371,,1839,5,,,0
1301,'5486',940,,1869,5,,,0,214,,1870,5,,,0,486,,1871,5,,,0
9900,'5484',801,,1904,5,0,5 6,0
