100,'5483',932,,1361,17,,,0,82,,1353,17,,,0,103,,1352,17,,,0,85,,1354,17,,,0,100,,1355,17,,,0,101,,1356,17,,,0,50,,1357,17,,,0,100,,1358,17,,,0,99,,1359,17,,,0,99,,1363,17,,,0,95,,1362,17,,,0,102,,1360,17,,,0
100,'5484',636,,1366,17,,,0,70,,1372,17,,,0,20,,1378,17,,,0,20,,1383,17,,,0,59,,1364,17,,,0,18,,1365,17,,,0,19,,1373,17,,,0,61,,1379,17,,,0,21,,1384,17,,,0,20,,1368,17,,,0,60,,1371,17,,,0,25,,1375,17,,,0,25,,1369,17,,,0,72,,1380,17,,,0,75,,1376,17,,,0,41,,1382,17,,,0,80,,1367,17,,,0,80,,1374,17,,,0,30,,1394,17,,,0,69,,1370,17,,,0,30,,1386,17,,,0,70,,1381,17,,,0,20,,1393,17,,,0,20,,1377,17,,,0,59,,1392,17,,,0,18,,1388,17,,,0,22,,1391,17,,,0,65,,1395,17,,,0,25,,1385,17,,,0,76,,1390,17,,,0,34,,1389,17,,,0,75,,1387,17,,,0
100,'5485',2120,,1396,17,,,0,105,,1397,17,,,0
100,'5488',2120,,1399,17,,,0,105,,1400,17,,,0,175,,1401,17,,,0
100,'5489',741,,1422,6,,,0,108,,1420,17,,,0,80,,1403,17,,,0,83,,1425,17,,,0,40,,1405,17,,,0,80,,1404,17,,,0,81,,1409,17,,,0,38,,1412,17,,,0,71,,1424,17,,,0,30,,1427,17,,,0,70,,1408,17,,,0,30,,1411,17,,,0,70,,1407,17,,,0,29,,1426,17,,,0,67,,1406,17,,,0,33,,1413,17,,,0,74,,1410,17,,,0,33,,1415,17,,,0,72,,1416,17,,,0,76,,1414,17,,,0,34,,1421,17,,,0,75,,1417,17,,,0,105,,1418,17,,,0,105,,1419,17,,,0,175,,1423,17,,,0
601,'5483',1018,,1686,21,,,0,205,,1687,21,,,0,135,,1688,21,,,0,170,,1689,21,,,0,175,,1690,21,,,0
601,'5484',638,,1701,21,,,0,95,,1696,21,,,0,100,,1702,21,,,0,102,,1691,21,,,0,103,,1703,21,,,0,105,,1694,21,,,0,110,,1704,21,,,0,95,,1699,21,,,0,100,,1695,21,,,0,105,,1700,21,,,0,95,,1693,21,,,0,155,,1692,21,,,0,55,,1697,21,,,0,185,,1698,21,,,0
601,'5485',1953,,1705,21,,,0
601,'5488',1953,,1706,21,,,0
601,'5489',833,,1707,21,,,0,100,,1708,21,,,0,105,,1709,21,,,0,105,,1711,21,,,0,110,,1712,21,,,0,105,,1713,21,,,0,145,,1714,21,,,0,100,,1716,21,,,0,55,,1710,21,,,0,100,,1717,21,,,0,100,,1718,21,,,0,95,,1715,21,,,0,90,,1719,21,,,0
1100,'5484',702,,1832,6,,,0,230,,1833,6,,,0,117,,1829,6,,,0,277,,1830,6,,,0,120,,1834,6,,,0,401,,1831,6,,,0,370,,1835,6,,,0
1100,'5489',932,,1840,6,,,0,117,,1836,6,,,0,397,,1837,6,,,0,401,,1838,6,,,0,370,,1839,6,,,0
1301,'5486',945,,1869,7,,,0,214,,1870,7,,,0,486,,1871,7,,,0
1500,'5487',920,,1883,1,,,0,80,,1881,1,,,0,40,,1882,1,,,0,280,,1880,1,,,0,80,,1879,1,,,0,40,,1878,1,,,0
1501,'5487',917,,1887,10,4,,0,40,,1888,10,4,,0,80,,1889,10,4,,0,280,,1884,10,4,,0,40,,1885,10,4,,0,80,,1886,10,4,,0
