100,'5483',925,,1361,13,,,0,82,,1353,13,,,0,103,,1352,13,,,0,45,,1354,13,,,0,100,,1355,13,,,0,101,,1356,13,,,0,90,,1357,13,,,0,100,,1358,13,,,0,99,,1359,13,,,0,99,,1363,13,,,0,95,,1362,13,,,0,102,,1360,13,,,0
100,'5484',630,,1366,13,,,0,70,,1372,13,,,0,20,,1378,13,,,0,20,,1383,13,,,0,18,,1364,13,,,0,58,,1365,13,,,0,19,,1373,13,,,0,21,,1379,13,,,0,61,,1384,13,,,0,20,,1368,13,,,0,20,,1371,13,,,0,65,,1375,13,,,0,25,,1369,13,,,0,72,,1380,13,,,0,35,,1376,13,,,0,80,,1382,13,,,0,80,,1367,13,,,0,40,,1374,13,,,0,70,,1394,13,,,0,29,,1370,13,,,0,70,,1386,13,,,0,30,,1381,13,,,0,60,,1393,13,,,0,20,,1377,13,,,0,19,,1392,13,,,0,59,,1388,13,,,0,22,,1391,13,,,0,26,,1395,13,,,0,65,,1385,13,,,0,76,,1390,13,,,0,34,,1389,13,,,0,75,,1387,13,,,0
100,'5485',2114,,1396,13,,,0,105,,1397,13,,,0
100,'5488',2114,,1399,13,,,0,105,,1400,13,,,0,135,,1401,13,,,0
100,'5489',734,,1422,2,,,0,108,,1420,13,,,0,80,,1403,13,,,0,83,,1425,13,,,0,40,,1405,13,,,0,80,,1404,13,,,0,81,,1409,13,,,0,38,,1412,13,,,0,70,,1424,13,,,0,30,,1427,13,,,0,70,,1408,13,,,0,30,,1411,13,,,0,70,,1407,13,,,0,29,,1426,13,,,0,67,,1406,13,,,0,33,,1413,13,,,0,74,,1410,13,,,0,34,,1415,13,,,0,73,,1416,13,,,0,76,,1414,13,,,0,34,,1421,13,,,0,75,,1417,13,,,0,105,,1418,13,,,0,105,,1419,13,,,0,135,,1423,13,,,0
500,'5483',1122,,1640,15,,,0,131,,1641,15,,,0,171,,1642,15,,,0,184,,1643,15,,,0
500,'5484',813,,1647,11,,,0,30,,1646,15,,,0,93,,1652,15,,,0,169,,1648,15,,,0,107,,1649,15,,,0,106,,1650,15,,,0,101,,1651,15,,,0,95,,1644,15,,,0,114,,1645,15,,,0
500,'5489',846,,1655,2,,,0,155,,1654,15,,,0,108,,1658,15,,,0,114,,1659,15,,,0,106,,1660,15,,,0,111,,1656,15,,,0,104,,1657,15,,,0,105,,1653,15,,,0
601,'5483',1001,,1686,2,,,0,205,,1687,2,,,0,135,,1688,2,,,0,170,,1689,2,,,0,135,,1690,2,,,0
601,'5484',621,,1701,2,,,0,95,,1696,2,,,0,100,,1702,2,,,0,102,,1691,2,,,0,103,,1703,2,,,0,105,,1694,2,,,0,110,,1704,2,,,0,95,,1699,2,,,0,100,,1695,2,,,0,105,,1700,2,,,0,95,,1693,2,,,0,115,,1692,2,,,0,95,,1697,2,,,0,185,,1698,2,,,0
601,'5485',1936,,1705,2,,,0
601,'5488',1936,,1706,2,,,0
601,'5489',816,,1707,2,,,0,100,,1708,2,,,0,105,,1709,2,,,0,105,,1711,2,,,0,110,,1712,2,,,0,105,,1713,2,,,0,105,,1714,2,,,0,100,,1716,2,,,0,95,,1710,2,,,0,100,,1717,2,,,0,100,,1718,2,,,0,95,,1715,2,,,0,90,,1719,2,,,0
1100,'5484',656,,1832,2,,,0,269,,1833,2,,,0,117,,1829,2,,,0,276,,1830,2,,,0,120,,1834,2,,,0,403,,1831,2,,,0,371,,1835,2,,,0
1100,'5489',925,,1840,2,,,0,117,,1836,2,,,0,397,,1837,2,,,0,402,,1838,2,,,0,371,,1839,2,,,0
1200,'5484',607,,1858,2,,,0,125,,1857,2,,,0,406,,1856,2,,,0,193,,1853,2,,,0,306,,1855,2,,,0,100,,1854,2,,,0
1200,'5489',1138,,1859,2,,,0,599,,1860,2,,,0
1301,'5486',938,,1869,2,,,0,214,,1870,2,,,0,486,,1871,2,,,0
9900,'5484',800,,1904,2,0,5 6,0
