701,'5484',801,,1726,19,,,0,828,,1722,19,,,0
701,'5489',903,,1732,19,,,0,653,,1737,19,,,0
701,'5604',1550,,1727,19,,,0
701,'5605',1550,,1946,19,,,0
801,'5483',1051,,1775,17,,,0,203,,1772,17,,,0,174,,1773,17,,,0,175,,1774,17,,,0,130,,1777,17,,,0,119,,1776,17,,,0
801,'5484',653,,1780,17,,,0,150,,1778,17,,,0,104,,1779,17,,,0,100,,1782,17,,,0,105,,1783,17,,,0,105,,1784,17,,,0,103,,1785,17,,,0,100,,1781,17,,,0,100,,1786,17,,,0,100,,1790,17,,,0,105,,1788,17,,,0,388,,1789,17,,,0
801,'5488',1822,,1950,17,,,0
801,'5489',907,,1795,17,,,0,100,,1796,17,,,0,112,,1802,17,,,0,108,,1794,17,,,0,111,,1803,17,,,0,100,,1793,17,,,0,105,,1797,17,,,0,106,,1798,17,,,0,163,,1799,17,,,0,114,,1800,17,,,0,187,,1801,17,,,0
801,'5604',1822,,1791,17,,,0,110,,1787,17,,,0
801,'5605',1932,,1951,17,,,0
801,'5606',1822,,1952,17,,,0
