101,'5483',929,,1429,30,,,0,100,,1428,30,,,0,106,,1430,30,,,0,100,,1431,30,,,0,101,,1432,30,,,0,89,,1433,30,,,0,100,,1434,30,,,0,99,,1435,30,,,0,91,,1437,30,,,0,92,,1438,30,,,0,98,,1436,30,,,0
101,'5484',615,,1443,30,,,0,29,,1447,30,,,0,60,,1453,30,,,0,19,,1459,30,,,0,18,,1442,30,,,0,17,,1469,30,,,0,58,,1446,30,,,0,20,,1456,30,,,0,21,,1460,30,,,0,59,,1444,30,,,0,20,,1448,30,,,0,65,,1450,30,,,0,26,,1441,30,,,0,30,,1455,30,,,0,75,,1454,30,,,0,80,,1458,30,,,0,41,,1440,30,,,0,80,,1451,30,,,0,70,,1470,30,,,0,30,,1445,30,,,0,70,,1463,30,,,0,30,,1457,30,,,0,11,,1465,30,,,0,10,,1468,30,,,0,59,,1449,30,,,0,19,,1467,30,,,0,82,,1466,30,,,0,26,,1471,30,,,0,68,,1452,30,,,0,35,,1461,30,,,0,75,,1464,30,,,0,35,,1462,30,,,0
101,'5485',1652,,1472,30,,,0,407,,1473,30,,,0,146,,1474,30,,,0
101,'5488',1652,,1475,30,,,0,407,,1476,30,,,0,146,,1477,30,,,0,105,,1478,30,,,0
101,'5489',741,,1497,30,,,0,86,,1479,30,,,0,85,,1500,30,,,0,37,,1480,30,,,0,84,,1495,30,,,0,76,,1481,30,,,0,40,,1482,30,,,0,77,,1483,30,,,0,30,,1499,30,,,0,70,,1502,30,,,0,28,,1484,30,,,0,70,,1487,30,,,0,30,,1486,30,,,0,70,,1501,30,,,0,30,,1490,30,,,0,70,,1488,30,,,0,76,,1485,30,,,0,35,,1489,30,,,0,73,,1493,30,,,0,35,,1503,30,,,0,75,,1491,30,,,0,35,,1496,30,,,0,106,,1494,30,,,0,146,,1492,30,,,0,105,,1498,30,,,0
200,'5483',952,,1504,10,,,0,153,,1509,10,,,0,129,,1505,10,,,0,172,,1510,10,,,0,137,,1507,10,,,0,184,,1508,10,,,0,198,,1506,10,,,0
200,'5484',641,,1524,10,,,0,85,,1522,10,,,0,119,,1523,10,,,0,100,,1525,10,,,0,105,,1519,10,,,0,105,,1520,10,,,0,145,,1521,10,,,0,56,,1517,10,,,0,148,,1512,10,,,0,96,,1518,10,,,0,45,,1516,10,,,0,85,,1526,10,,,0,75,,1514,10,,,0,200,,1513,10,,,0,140,,1515,10,,,0
200,'5485',1855,,1527,10,,,0
200,'5488',1855,,1528,10,,,0,483,,1529,10,,,0
200,'5489',826,,1531,10,,,0,120,,1530,10,,,0,108,,1532,10,,,0,152,,1533,10,,,0,105,,1541,10,,,0,105,,1535,10,,,0,105,,1534,10,,,0,105,,1536,10,,,0,99,,1537,10,,,0,120,,1538,10,,,0,161,,1539,10,,,0,139,,1540,10,,,0,193,,1542,10,,,0
501,'5483',918,,1665,16,,,0,238,,1662,16,,,0,179,,1663,16,,,0,170,,1661,16,,,0,151,,1664,16,,,0
501,'5484',716,,1676,11,,,0,113,,1668,11,,,0,93,,1670,16,,,0,117,,1671,16,,,0,105,,1672,16,,,0,107,,1673,16,,,0,106,,1674,16,,,0,92,,1675,16,,,0,97,,1666,16,,,0,113,,1667,16,,,0
501,'5489',1035,,1679,16,,,0,108,,1680,16,,,0,157,,1681,16,,,0,105,,1683,16,,,0,108,,1682,16,,,0,106,,1677,16,,,0
801,'5483',1056,,1775,23,,,0,203,,1772,23,,,0,174,,1773,23,,,0,175,,1774,23,,,0,130,,1777,23,,,0,119,,1776,23,,,0
801,'5484',658,,1780,23,,,0,150,,1778,23,,,0,104,,1779,23,,,0,100,,1782,23,,,0,105,,1783,23,,,0,105,,1784,23,,,0,103,,1785,23,,,0,100,,1781,23,,,0,100,,1786,23,,,0,100,,1790,23,,,0,105,,1788,23,,,0,207,,1787,23,,,0,181,,1789,23,,,0
801,'5485',1827,,1791,23,,,0
801,'5488',1827,,1792,23,,,0
801,'5489',912,,1795,23,,,0,100,,1796,23,,,0,112,,1802,23,,,0,108,,1794,23,,,0,111,,1803,23,,,0,100,,1793,23,,,0,105,,1797,23,,,0,106,,1798,23,,,0,163,,1799,23,,,0,114,,1800,23,,,0,187,,1801,23,,,0
1001,'5483',1036,,1817,3,,,0,687,,1818,3,,,0
1001,'5484',710,,1821,8,,,0,39,,1819,9,,,0,166,,1820,8,0,10 11 2,0,409,,1824,8,,,0,393,,1822,8,0,10 11 2,0,342,,1823,8,,,0
1001,'5489',902,,1825,8,0,10 11 2,0,422,,1826,8,,,0,385,,1827,8,0,10 11 2,0,350,,1828,8,,,0
1401,'5486',838,,1875,12,,,0,214,,1876,12,,,0,486,,1877,12,,,0
2001,'5483',1202,,1891,3,,,0,309,,1890,3,,,0
2001,'5484',1018,,1897,3,,,0,105,,1895,3,,,0,105,,1893,3,,,0,204,,1894,3,,,0,178,,1892,2,,,0,3,,1892,5,,,0,120,,1896,3,,,0
2001,'5489',755,,1898,3,,,0,267,,1901,3,,,0,112,,1900,3,,,0,315,,1902,3,,,0,105,,1903,3,,,0,380,,1899,3,,,0
