101,'5483',917,,1429,19,,,0,100,,1428,19,,,0,106,,1430,19,,,0,100,,1431,19,,,0,101,,1432,19,,,0,90,,1433,19,,,0,100,,1434,19,,,0,99,,1435,19,,,0,91,,1437,19,,,0,52,,1438,19,,,0,99,,1436,19,,,0
101,'5484',604,,1443,19,,,0,29,,1447,19,,,0,20,,1453,19,,,0,59,,1459,19,,,0,18,,1442,19,,,0,17,,1469,19,,,0,53,,1439,16,0,13,0,5,,1446,19,,,0,20,,1456,19,,,0,20,,1460,19,,,0,59,,1444,19,,,0,20,,1448,19,,,0,25,,1450,19,,,0,65,,1441,19,,,0,30,,1455,19,,,0,75,,1454,19,,,0,40,,1458,19,,,0,81,,1440,19,,,0,80,,1451,19,,,0,30,,1470,19,,,0,70,,1445,19,,,0,30,,1463,19,,,0,70,,1457,19,,,0,11,,1465,19,,,0,10,,1468,19,,,0,59,,1449,19,,,0,19,,1467,19,,,0,82,,1466,19,,,0,26,,1471,19,,,0,30,,1452,19,,,0,75,,1461,19,,,0,75,,1464,19,,,0,35,,1462,19,,,0
101,'5485',1639,,1472,19,,,0,409,,1473,19,,,0,106,,1474,19,,,0
101,'5488',1639,,1475,19,,,0,409,,1476,19,,,0,106,,1477,19,,,0,105,,1478,19,,,0
101,'5489',730,,1497,19,,,0,86,,1479,19,,,0,85,,1500,19,,,0,36,,1480,19,,,0,84,,1495,19,,,0,35,,1481,19,,,0,80,,1482,19,,,0,77,,1483,19,,,0,30,,1499,19,,,0,70,,1502,19,,,0,28,,1484,19,,,0,70,,1487,19,,,0,30,,1486,19,,,0,70,,1501,19,,,0,30,,1490,19,,,0,70,,1488,19,,,0,36,,1485,19,,,0,75,,1489,19,,,0,35,,1493,19,,,0,75,,1503,19,,,0,75,,1491,19,,,0,35,,1496,19,,,0,106,,1494,19,,,0,106,,1492,19,,,0,105,,1498,19,,,0
501,'5483',905,,1665,4,,,0,238,,1662,4,,,0,178,,1663,4,,,0,130,,1661,4,,,0,191,,1664,4,,,0
501,'5484',908,,1670,4,,,0,117,,1671,4,,,0,105,,1672,4,,,0,106,,1673,4,,,0,106,,1674,4,,,0,92,,1675,4,,,0,94,,1669,4,0,13 16,0,3,,1666,4,,,0,113,,1667,4,,,0
501,'5489',853,,1678,4,0,13 16,0,169,,1679,4,,,0,108,,1680,4,,,0,116,,1681,4,,,0,105,,1683,4,,,0,108,,1682,4,,,0,146,,1677,4,,,0,100,,1684,4,0,13 16,0,130,,1685,4,0,13 16,0
601,'5483',1029,,1686,33,,,0,205,,1687,33,,,0,175,,1688,33,,,0,130,,1689,33,,,0,175,,1690,33,,,0
601,'5484',649,,1701,33,,,0,95,,1696,33,,,0,100,,1702,33,,,0,102,,1691,33,,,0,103,,1703,33,,,0,105,,1694,33,,,0,150,,1704,33,,,0,55,,1699,33,,,0,100,,1695,33,,,0,145,,1700,33,,,0,55,,1693,33,,,0,155,,1692,33,,,0,95,,1697,33,,,0,145,,1698,33,,,0
601,'5485',2004,,1705,33,,,0
601,'5488',2004,,1706,33,,,0
601,'5489',844,,1707,33,,,0,100,,1708,33,,,0,105,,1709,33,,,0,105,,1711,33,,,0,150,,1712,33,,,0,105,,1713,33,,,0,105,,1714,33,,,0,100,,1716,33,,,0,95,,1710,33,,,0,100,,1717,33,,,0,100,,1718,33,,,0,95,,1715,33,,,0,50,,1719,33,,,0
1101,'5484',736,,1844,8,,,0,274,,1843,8,,,0,118,,1845,8,,,0,278,,1841,8,,,0,120,,1846,8,,,0,398,,1842,8,,,0,330,,1847,8,,,0
1101,'5489',1010,,1852,8,,,0,118,,1848,8,,,0,397,,1849,8,,,0,399,,1850,8,,,0,330,,1851,8,,,0
1201,'5484',727,,1865,19,,,0,125,,1862,19,,,0,407,,1863,19,,,0,198,,1861,19,,,0,300,,1864,19,,,0,102,,1866,19,,,0
1201,'5489',1256,,1867,13,,,0,600,,1868,13,,,0
1301,'5486',1026,,1869,16,,,0,214,,1870,16,,,0,486,,1871,16,,,0
9900,'5484',859,,1904,45,0,5 6,0
9901,'5484',1610,,1905,34,0,5 6,0
