1,100,'5483',1352,1353,1354,1355,1356,1357,1358,1359,1360,1361,1362,1363
1,100,'5484',1364,1366,1367,1370,1371,1372,1373,1374,1375,1376,1378,1379,1380,1381,1382,1383,1384,1385,1386,1387,1388,1390,1391,1392,1393,1394
1,100,'5488',1906,1907,1908,1909
1,100,'5489',1403,1404,1405,1406,1407,1408,1409,1410,1411,1412,1413,1414,1415,1416,1417,1418,1419,1420,1421,1422,1423,1424,1425,1426,1427
1,100,'5604',1365,1368,1369,1377,1389,1396,1397,1398,1395
1,100,'5605',1910,1911,1912,1913,1914,1915
1,100,'5606',1916,1917,1918
1,101,'5483',1428,1429,1430,1431,1432,1433,1434,1435,1436,1437,1438
1,101,'5484',1439,1440,1441,1442,1443,1445,1446,1447,1448,1450,1451,1452,1453,1454,1455,1456,1457,1458,1459,1460,1461,1462,1463,1465,1466,1467,1468,1470
1,101,'5488',1919,1920,1921,1922
1,101,'5489',1479,1480,1481,1482,1483,1484,1485,1486,1487,1488,1489,1490,1491,1492,1493,1494,1495,1496,1497,1498,1499,1500,1501,1502,1503
1,101,'5604',1444,1449,1464,1472,1473,1474,1469,1471
1,101,'5605',1923,1924,1925,1926,1927
1,101,'5606',1928,1929,1930
2,200,'5483',1504,1505,1506,1507,1508,1509,1510
2,200,'5484',1511,1512,1514,1515,1516,1517,1518,1519,1520,1521,1522,1523,1524,1525,1526
2,200,'5488',1931,1932
2,200,'5489',1530,1531,1532,1533,1534,1535,1536,1537,1538,1539,1540,1541,1542
2,200,'5604',1513,1527
2,200,'5605',1933
2,200,'5606',1934
2,201,'5483',1543,1544,1545,1546,1547
2,201,'5484',1549,1550,1551,1552,1553,1554,1555,1556,1557
2,201,'5488',1935,1936
2,201,'5489',1561,1562,1563,1564,1565,1566,1567
2,201,'5604',1548,1558
2,201,'5605',1937
2,201,'5606',1938
3,301,'5483',1568,1569,1570,1571,1572,1573,1574,1575
3,301,'5484',1576,1577,1578,1579,1580,1581,1582,1583,1584,1585,1586,1587,1588
3,301,'5488',1939
3,301,'5489',1591,1592,1593,1594,1595,1596,1597,1598,1599,1600
3,301,'5604',1589
3,301,'5606',1940
4,400,'5483',1601,1602,1603
4,400,'5484',1604,1605,1606,1607,1608,1609,1610,1611,1612
4,400,'5489',1613,1614,1615,1616,1617,1618,1619,1620
4,401,'5483',1621,1622,1623
4,401,'5484',1624,1625,1626,1627,1628,1629,1630,1631
4,401,'5489',1632,1633,1634,1635,1636,1637,1638,1639
5,500,'5483',1640,1641,1642,1643
5,500,'5484',1644,1645,1646,1647,1648,1649,1650,1651,1652
5,500,'5489',1653,1654,1655,1656,1657,1658,1659,1660
5,501,'5483',1661,1662,1663,1664,1665
5,501,'5484',1666,1667,1668,1670,1671,1672,1673,1674,1675,1676
5,501,'5489',1677,1678,1679,1680,1681,1682,1683,1684,1685
5,501,'5604',1669
5,501,'5605',1941
6,601,'5483',1686,1687,1688,1689,1690
6,601,'5484',1691,1692,1693,1694,1695,1696,1698,1699,1700,1701,1702,1703,1704
6,601,'5488',1942
6,601,'5489',1707,1708,1709,1710,1711,1712,1713,1714,1715,1716,1717,1718,1719
6,601,'5604',1705,1697
6,601,'5605',1943
6,601,'5606',1944
7,701,'5484',1720,1721,1722,1723,1724,1726,1728,1729,1730,1731
7,701,'5489',1732,1733,1734,1735,1736,1737
7,701,'5604',1725,1727
7,701,'5605',1945,1946
8,800,'5483',1738,1739,1740,1741,1742,1743
8,800,'5484',1744,1745,1746,1747,1748,1749,1750,1751,1752,1753,1754,1756,1757
8,800,'5488',1947
8,800,'5489',1760,1761,1762,1763,1764,1765,1766,1767,1768,1769,1770,1771
8,800,'5604',1758,1755
8,800,'5605',1948
8,800,'5606',1949
8,801,'5483',1772,1773,1774,1775,1776,1777
8,801,'5484',1778,1779,1780,1781,1782,1783,1784,1785,1786,1788,1789,1790
8,801,'5488',1950
8,801,'5489',1793,1794,1795,1796,1797,1798,1799,1800,1801,1802,1803
8,801,'5604',1787,1791
8,801,'5605',1951
8,801,'5606',1952
10,1000,'5483',1804,1805
10,1000,'5484',1807,1808,1809,1810,1811,1812
10,1000,'5489',1813,1814,1815,1816
10,1000,'5604',1806
10,1000,'5605',1953
10,1001,'5483',1817,1818
10,1001,'5484',1819,1820,1821,1822,1824
10,1001,'5489',1825,1826,1827,1828
10,1001,'5604',1823
10,1001,'5605',1954
11,1100,'5484',1829,1830,1831,1832,1833,1834,1835
11,1100,'5489',1836,1837,1838,1839,1840
11,1101,'5484',1841,1842,1843,1844,1845,1846,1847
11,1101,'5489',1848,1849,1850,1851,1852
12,1200,'5484',1853,1854,1856,1857,1858
12,1200,'5489',1859,1860
12,1200,'5604',1855
12,1200,'5605',1955
12,1201,'5484',1861,1862,1863,1865,1866
12,1201,'5489',1867,1868
12,1201,'5604',1864
12,1201,'5605',1956
13,1301,'5486',1869,1870,1871
14,1400,'5486',1872,1873,1874
14,1401,'5486',1875,1876,1877
15,1500,'5487',1878,1879,1880,1881,1882,1883
15,1501,'5487',1884,1885,1886,1887,1888,1889
20,2001,'5483',1890,1891
20,2001,'5484',1892,1893,1894,1895,1896,1897
20,2001,'5489',1898,1899,1900,1901,1902,1903
99,9900,'5484',1904
99,9901,'5484',1905
