701,'5484',652,,1721,3,0,12,0,95,,1726,3,,,0,158,,1728,3,0,12,0,112,,1729,3,0,12,0,95,,1723,3,0,12,0,110,,1730,3,0,12,0,196,,1724,3,0,12,0,197,,1722,3,,,0,104,,1731,3,0,12,0,108,,1720,3,0,12,0
701,'5489',849,,1732,3,,,0,253,,1736,3,0,12,0,207,,1733,3,0,12,0,233,,1737,3,,,0,180,,1735,3,0,12,0,315,,1734,3,0,12,0
701,'5604',1536,,1727,3,,,0,501,,1725,3,0,12,0
701,'5605',1536,,1946,3,,,0,501,,1945,3,0,12,0
801,'5483',1043,,1775,6,,,0,203,,1772,6,,,0,174,,1773,6,,,0,135,,1774,6,,,0,170,,1777,6,,,0,119,,1776,6,,,0
801,'5484',645,,1780,6,,,0,110,,1778,6,,,0,104,,1779,6,,,0,100,,1782,6,,,0,145,,1783,6,,,0,105,,1784,6,,,0,103,,1785,6,,,0,100,,1781,6,,,0,100,,1786,6,,,0,100,,1790,6,,,0,105,,1788,6,,,0,388,,1789,6,,,0
801,'5488',1814,,1950,6,,,0
801,'5489',859,,1795,6,,,0,100,,1796,6,,,0,152,,1802,6,,,0,108,,1794,6,,,0,111,,1803,6,,,0,100,,1793,6,,,0,105,,1797,6,,,0,106,,1798,6,,,0,163,,1799,6,,,0,114,,1800,6,,,0,187,,1801,6,,,0
801,'5604',1814,,1791,6,,,0,110,,1787,6,,,0
801,'5605',1924,,1951,6,,,0
801,'5606',1814,,1952,6,,,0
