100,'5483',917,,1361,4,,,0,42,,1353,4,,,0,143,,1352,4,,,0,45,,1354,4,,,0,100,,1355,4,,,0,101,,1356,4,,,0,90,,1357,4,,,0,100,,1358,4,,,0,99,,1359,4,,,0,100,,1363,4,,,0,95,,1362,4,,,0,102,,1360,4,,,0
100,'5484',623,,1366,4,,,0,30,,1372,4,,,0,60,,1378,4,,,0,20,,1383,4,,,0,18,,1364,4,,,0,56,,1365,4,,,0,18,,1373,4,,,0,21,,1379,4,,,0,61,,1384,4,,,0,20,,1368,4,,,0,20,,1371,4,,,0,65,,1375,4,,,0,25,,1369,4,,,0,72,,1380,4,,,0,35,,1376,4,,,0,80,,1382,4,,,0,80,,1367,4,,,0,40,,1374,4,,,0,70,,1394,4,,,0,30,,1370,4,,,0,70,,1386,4,,,0,30,,1381,4,,,0,60,,1393,4,,,0,20,,1377,4,,,0,19,,1392,4,,,0,59,,1388,4,,,0,22,,1391,4,,,0,28,,1395,4,,,0,65,,1385,4,,,0,36,,1390,4,,,0,74,,1389,4,,,0,75,,1387,4,,,0
100,'5485',2107,,1396,4,,,0,105,,1397,4,,,0
100,'5488',2107,,1399,4,,,0,105,,1400,4,,,0,135,,1401,4,,,0
100,'5489',834,,1420,4,,,0,80,,1403,4,,,0,43,,1425,4,,,0,80,,1405,4,,,0,80,,1404,4,,,0,41,,1409,4,,,0,78,,1412,4,,,0,70,,1424,4,,,0,30,,1427,4,,,0,70,,1408,4,,,0,30,,1411,4,,,0,70,,1407,4,,,0,29,,1426,4,,,0,67,,1406,4,,,0,33,,1413,4,,,0,74,,1410,4,,,0,35,,1415,4,,,0,73,,1416,4,,,0,36,,1414,4,,,0,74,,1421,4,,,0,75,,1417,4,,,0,105,,1418,4,,,0,105,,1419,4,,,0,135,,1423,4,,,0
200,'5484',759,,1511,11,0,8 9,0
500,'5483',1113,,1640,4,,,0,130,,1641,4,,,0,171,,1642,4,,,0,144,,1643,4,,,0
500,'5484',835,,1646,4,,,0,93,,1652,4,,,0,128,,1648,4,,,0,146,,1649,4,,,0,105,,1650,4,,,0,101,,1651,4,,,0,95,,1644,4,,,0,114,,1645,4,,,0
500,'5489',951,,1654,4,,,0,108,,1658,4,,,0,153,,1659,4,,,0,106,,1660,4,,,0,111,,1656,4,,,0,104,,1657,4,,,0,105,,1653,4,,,0
800,'5483',940,,1738,4,,,0,202,,1739,4,,,0,176,,1740,4,,,0,130,,1741,4,,,0,175,,1743,4,,,0,193,,1742,4,,,0
800,'5484',623,,1746,4,,,0,116,,1751,4,,,0,109,,1749,4,,,0,103,,1748,4,,,0,94,,1744,4,,,0,105,,1747,4,,,0,108,,1745,4,,,0,146,,1750,4,,,0,107,,1752,4,,,0,47,,1753,4,,,0,144,,1754,4,,,0,106,,1757,4,,,0,200,,1755,4,,,0,140,,1756,4,,,0
800,'5485',1858,,1758,4,,,0
800,'5488',1858,,1759,4,,,0
800,'5489',829,,1771,4,0,7,0,92,,1768,4,,,0,120,,1762,4,,,0,109,,1769,4,,,0,157,,1766,4,,,0,105,,1770,4,,,0,108,,1767,4,,,0,105,,1760,4,,,0,108,,1761,4,,,0,115,,1763,4,,,0,161,,1764,4,,,0,139,,1765,4,,,0
1400,'5486',914,,1872,11,,,0,214,,1873,11,,,0,487,,1874,11,,,0
